2020-05-23 09:03:00	5	3608.9373	-59	-60	102400	4096	-13.6453085	0.02182238	0.093995005	0.10654613	-1.2534753E-4	4.349287E-4	0.015221614	0.2664713	-0.34079513	0.6072664	1.1579577	2.1598325	2.5009947	2.8349516	1.8771399	0.0012729026	1.9002087E-4	24.096
2020-05-23 10:21:56	5	3596.821	-67	-68	102400	4096	-16.579754	0.02371913	0.094891004	0.107677765	6.9686303E-6	5.0363207E-4	0.015949825	0.31339696	-0.331943	0.64533997	1.1728755	2.4815145	2.9105077	3.3027046	1.9797101	0.0012604882	1.7176117E-4	26.924
2020-05-23 10:33:23	5	3598.7559	-103	-104	102400	4096	-16.621675	0.02241736	0.09531573	0.107675	-9.872666E-5	4.857588E-4	0.015764954	0.27988124	-0.44135976	0.721241	1.1660883	2.2290893	2.5993152	2.9363594	1.9544983	0.0011801112	1.6091243E-4	26.452
2020-05-23 10:42:23	5	3591.8967	-103	-104	102400	4096	-16.7711	0.022917021	0.09576838	0.107687876	-3.5676658E-5	4.8051527E-4	0.015692806	0.33267707	-0.40762216	0.7402992	1.1632779	2.6556606	3.0892713	3.4737675	1.9512188	0.0011709523	1.5328416E-4	26.496
2020-05-23 10:51:50	5	3591.0916	-103	-103	102400	4096	-16.79197	0.021089468	0.094693094	0.1068343	-5.3304655E-5	4.6249895E-4	0.015490314	0.29639813	-0.3300152	0.62641335	1.1649824	2.3814714	2.7743723	3.1300924	1.9274819	0.0010911238	1.5650078E-4	26.372
2020-05-23 11:12:23	5	3589.6487	-103	-103	102400	4096	-16.817802	0.022207808	0.0928479	0.10645747	-6.889566E-5	4.6549118E-4	0.015512547	0.3028838	-0.30456096	0.60744476	1.1699449	2.431837	2.8451154	3.2621503	1.9343952	0.001185427	1.691426E-4	26.344
2020-05-23 11:30:17	5	3594.2832	-83	-84	102400	4096	-16.806057	0.022084413	0.09359744	0.10589697	-8.370817E-5	4.5371248E-4	0.015319324	0.29230985	-0.33407298	0.6263828	1.1687894	2.361694	2.760323	3.1230538	1.93331	0.0010528507	1.3399676E-4	26.232
2020-05-23 11:49:26	5	3596.5994	-65	-65	102400	4096	-16.742579	0.02328943	0.09062362	0.1033493	-7.9400525E-5	4.2530184E-4	0.014664493	0.2673792	-0.3969446	0.6643238	1.1717257	2.2079747	2.5871408	2.950436	1.9777126	0.0013394074	1.9211842E-4	26.196
2020-05-23 12:00:21	5	3541.8806	-65	-65	102400	4096	-16.795626	0.026035048	0.090955384	0.1034902	-1.489711E-4	4.660861E-4	0.014734517	0.26841834	-0.54844373	0.8168621	1.1729208	2.2112827	2.5936594	2.9510992	2.1468136	0.0013034998	1.7964287E-4	26.304
2020-05-23 12:09:04	5	3593.1902	-65	-65	102400	4096	-16.771942	0.022234809	0.09462637	0.10695404	-4.9179787E-5	4.6936903E-4	0.015578173	0.27690157	-0.33051077	0.60741234	1.1669737	2.2185395	2.5889773	2.9262624	1.9341109	0.001218223	1.7406356E-4	26.084
2020-05-23 12:18:35	5	3596.4648	-65	-65	102400	4096	-16.759823	0.025951825	0.095358305	0.109521955	-7.3132534E-5	5.271776E-4	0.016398957	0.28458953	-0.36075425	0.6453438	1.1692487	2.2223415	2.59847	2.984423	1.960309	0.0016979068	2.442593E-4	26.176
2020-05-23 12:38:10	5	3601.74	-63	-64	102400	4096	-16.75805	0.022089468	0.09365734	0.10751997	-6.7825385E-5	4.85878E-4	0.015838575	0.2841449	-0.36114547	0.6452904	1.1704932	2.257781	2.6427174	3.0338776	1.9368457	0.0011165558	1.511615E-4	26.072
2020-05-23 13:07:32	5	3596.6973	-83	-84	102400	4096	-16.76569	0.023779426	0.09753052	0.1102091	-6.8033725E-5	5.3528865E-4	0.016542375	0.36643785	-0.3358441	0.70228195	1.1670285	2.8490586	3.3249328	3.7571607	1.9561055	0.0012840978	1.865829E-4	26.02
2020-05-23 14:25:10	5	3606.2058	-63	-63	102400	4096	-16.448547	0.024083374	0.09531243	0.10763698	-9.797716E-5	4.821804E-4	0.015724644	0.29838634	-0.3848164	0.68320274	1.165008	2.3795154	2.7721546	3.130613	1.9500597	0.0013275204	1.9915754E-4	25.94
2020-05-23 14:44:30	5	3604.7312	-63	-64	102400	4096	-16.354488	0.021570776	0.09577985	0.10779951	-7.5025906E-5	4.6518064E-4	0.015639603	0.29885745	-0.36538243	0.6642399	1.1601018	2.389743	2.7723453	3.1202538	1.9018233	0.001141694	1.6066778E-4	25.956
2020-05-23 15:04:08	5	3603.95	-101	-101	102400	4096	-16.348938	0.023190245	0.09816635	0.110061884	-1.3423424E-4	5.0832465E-4	0.016258165	0.27413642	-0.3901111	0.6642475	1.1585075	2.149963	2.4907482	2.7925704	1.9230833	0.0013056705	1.8719952E-4	25.892
2020-05-23 15:13:20	5	3596.809	-63	-64	102400	4096	-16.43528	0.023308272	0.096727125	0.10975653	-1.0884092E-4	5.0743873E-4	0.01631189	0.2828033	-0.3815167	0.66432	1.1636484	2.214279	2.5766423	2.9237227	1.9071072	0.0012463637	1.7603072E-4	25.984
2020-05-23 16:11:32	5	3604.4424	-63	-64	102400	4096	-16.51831	0.022204213	0.09673087	0.10902289	-3.8291666E-5	4.882044E-4	0.016061768	0.29180112	-0.2965282	0.5883293	1.1624625	2.3024504	2.6765122	3.0166285	1.8924091	0.0010408992	1.3430293E-4	25.996
2020-05-23 16:21:38	5	3596.195	-99	-100	102400	4096	-16.639816	0.022690978	0.09497264	0.107496	-5.6167908E-5	4.806843E-4	0.015761005	0.31636176	-0.34796587	0.6643276	1.1678839	2.5199504	2.9430096	3.331083	1.9350498	0.0012425128	1.7829036E-4	26.06
2020-05-23 16:33:02	5	3591.8909	-63	-63	102400	4096	-16.778004	0.022619208	0.09560036	0.10850422	-6.378196E-5	4.8628237E-4	0.01597752	0.28263545	-0.34377027	0.6264057	1.164952	2.2360008	2.6048336	2.9564266	1.9048892	0.001154331	1.5657087E-4	26.032
2020-05-23 17:10:05	5	3599.5137	-65	-65	102400	4096	-17.001234	0.02222388	0.09489063	0.106467076	-1.805243E-5	4.3671014E-4	0.0151679	0.31799063	-0.36528268	0.6832733	1.1567711	2.5819724	2.9867508	3.3511276	1.8982015	0.0011575443	1.5996466E-4	26.424
2020-05-23 17:59:52	5	3595.8389	-101	-101	102400	4096	-17.474453	0.022616481	0.09530953	0.10747872	-1.01149715E-4	4.8142328E-4	0.015715774	0.27779067	-0.31061685	0.5884075	1.1663942	2.2158978	2.5846107	2.9146156	1.9491962	0.0012334647	1.730292E-4	26.98
2020-05-23 18:08:29	5	3590.2727	-63	-64	102400	4096	-17.661667	0.023579553	0.095955804	0.108272016	-5.109579E-5	4.8343927E-4	0.015888784	0.292695	-0.31474406	0.60743904	1.164204	2.3220413	2.70333	3.0503104	1.9149641	0.0013677118	2.1098269E-4	27.14
2020-05-23 19:07:20	5	3600.9353	-101	-102	102400	4096	-17.799084	0.021919807	0.09577256	0.10862121	-3.9090708E-5	4.9747614E-4	0.016072862	0.31906846	-0.2882733	0.60734177	1.1671642	2.516734	2.9374418	3.331523	1.9256879	0.0011720882	1.5832686E-4	27.0
2020-05-23 19:36:07	5	3605.5422	-63	-64	102400	4096	-17.522545	0.022428807	0.097623475	0.11014249	-1.3512356E-4	5.0847686E-4	0.016370872	0.30945072	-0.37375966	0.6832104	1.1616653	2.4185529	2.8095489	3.1698391	1.8972633	0.0011981683	1.6345545E-4	26.64
2020-05-23 19:55:50	5	3601.4316	-79	-80	102400	4096	-17.380785	0.022250034	0.09575415	0.10821176	-9.7582975E-5	4.894187E-4	0.015880456	0.28048614	-0.4027662	0.68325233	1.164547	2.225768	2.5920115	2.9292324	1.940683	0.0011657903	1.5950676E-4	26.652
2020-05-23 20:05:34	5	3601.2244	-63	-64	102400	4096	-17.324263	0.022305995	0.096997865	0.10963057	-1.19967575E-4	5.0871604E-4	0.016255096	0.29982725	-0.36444888	0.6642761	1.1629555	2.3516698	2.7348871	3.0910707	1.9252908	0.0011441966	1.4023617E-4	26.392
2020-05-23 20:15:15	5	3602.8584	-63	-64	102400	4096	-17.261398	0.021528943	0.100484304	0.11240644	-1.3796885E-4	5.176459E-4	0.016778285	0.2753449	-0.33197588	0.6073208	1.1523452	2.1257064	2.4495475	2.7401783	1.8388135	0.0011808231	1.6193811E-4	26.116
2020-05-23 20:53:50	5	3603.9197	-63	-64	102400	4096	-17.050367	0.02215814	0.091084845	0.10246192	-3.7601596E-5	3.8141434E-4	0.0141690215	0.29233193	-0.27702308	0.569355	1.161736	2.4558754	2.8530788	3.2094464	1.8998411	0.0011496816	1.545818E-4	26.012
2020-05-23 22:31:03	5	3608.7212	-85	-86	102400	4096	-16.778587	0.02354205	0.09697827	0.10986084	-9.973812E-5	5.158785E-4	0.016347734	0.26847902	-0.3957208	0.6641998	1.1638201	2.0998178	2.4438102	2.7684453	1.9303333	0.0013058457	1.8954091E-4	25.968
2020-05-23 22:41:36	5	3558.4006	-65	-65	102400	4096	-16.847862	0.024682805	0.09337362	0.10612533	-1.5425049E-4	4.8662192E-4	0.015423374	0.32494336	-0.47271365	0.797657	1.1702285	2.6164834	3.0618832	3.4800339	2.0456574	0.0013645034	2.0277088E-4	26.068
2020-05-23 23:19:21	5	3606.7405	-83	-83	102400	4096	-16.600945	0.022506285	0.094347835	0.10684971	-6.9808455E-5	4.7047297E-4	0.015592683	0.26113737	-0.30819285	0.5693302	1.1686571	2.0912626	2.4439688	2.767815	1.9350535	0.0011638937	1.6817127E-4	25.88
2020-05-23 23:49:44	5	3609.8545	-65	-65	102400	4096	-16.441385	0.023586694	0.0997499	0.11200145	-6.6824934E-5	5.260555E-4	0.016769772	0.2921209	-0.3910437	0.6831646	1.1562186	2.255792	2.6081886	2.928533	1.870584	0.001260849	1.8153647E-4	25.776
2020-05-24 08:11:43	5	3615.429	-63	-64	102400	4096	-15.213586	0.023460744	0.09633059	0.1085205	-9.2352355E-5	4.7479037E-4	0.015844354	0.31804818	-0.32710963	0.6451578	1.1599132	2.5267115	2.930766	3.3016324	1.8912667	0.0012371561	1.5736693E-4	24.908
2020-05-24 08:41:40	5	3616.4873	-63	-64	102400	4096	-15.335558	0.0225658	0.09670093	0.109695576	-7.7600154E-5	5.118896E-4	0.016364075	0.28845966	-0.3377124	0.62617207	1.1661559	2.2549627	2.6296382	2.9830084	1.9115839	0.0011235734	1.5371648E-4	24.992
2020-05-24 09:40:50	5	3616.446	-63	-64	102400	4096	-15.553553	0.022498414	0.0931493	0.105003	-6.857844E-5	4.33987E-4	0.014952155	0.29772043	-0.36640215	0.6641226	1.1645287	2.4347634	2.8353517	3.1961641	1.9411949	0.0011051424	1.5270764E-4	25.192
2020-05-24 10:11:23	5	3616.6162	-81	-82	102400	4096	-15.627989	0.022256106	0.09723264	0.10897648	-9.1210386E-5	4.8301867E-4	0.015940607	0.2773219	-0.34884825	0.62617016	1.1585629	2.1965027	2.5447867	2.852148	1.9008781	0.0011694543	1.6001286E-4	25.332
2020-05-24 10:32:15	5	3605.7124	-79	-79	102400	4096	-15.758685	0.022720769	0.101063296	0.11282848	-1.0553773E-4	5.2595837E-4	0.016861808	0.29161033	-0.37261906	0.6642294	1.1508887	2.2456954	2.5845454	2.8854225	1.8498781	0.0011310546	1.4635295E-4	25.536
2020-05-24 10:41:51	5	3601.7278	-65	-65	102400	4096	-15.815485	0.022573711	0.09236072	0.1043893	-7.025384E-5	4.1529172E-4	0.014748394	0.29053515	-0.29781896	0.5883541	1.163366	2.3923588	2.783189	3.145657	1.9092547	0.0011188008	1.4877251E-4	25.504
2020-05-24 10:51:19	5	3600.467	-65	-66	102400	4096	-15.857664	0.02321414	0.09169871	0.10322892	-8.382718E-5	4.1089626E-4	0.014446283	0.25649723	-0.38880745	0.6453047	1.1643316	2.1340504	2.4847422	2.7971737	1.9688834	0.0013302607	2.0077245E-4	25.54
2020-05-24 11:01:11	5	3599.8027	-65	-66	102400	4096	-15.898397	0.022956131	0.096174195	0.108326904	-1.2471229E-4	4.7501494E-4	0.015830344	0.29707268	-0.3292577	0.6263304	1.1614722	2.3611171	2.742372	3.088902	1.8955122	0.001205827	1.6725504E-4	25.616
2020-05-24 11:49:52	5	3602.6934	-83	-84	102400	4096	-16.14754	0.023749543	0.10361157	0.11650279	-1.1527602E-4	6.293596E-4	0.018199109	0.33813557	-0.4210197	0.7591553	1.1579472	2.506489	2.902382	3.263492	1.900197	0.0012760782	1.862516E-4	25.976
2020-05-24 12:28:21	5	3600.8997	-69	-69	102400	4096	-16.38309	0.022425523	0.097644985	0.11051201	-7.960662E-5	5.203525E-4	0.016502174	0.28856057	-0.35673934	0.6452999	1.1624147	2.246293	2.611124	2.9552011	1.9108007	0.001145277	1.5887973E-4	26.016
2020-05-24 13:19:53	5	3588.3433	-69	-69	102400	4096	-16.842241	0.02303113	0.0955245	0.10807446	-7.2688985E-5	4.9271557E-4	0.015888475	0.28902343	-0.3753824	0.6644058	1.1663209	2.292936	2.6742992	3.0256472	1.9517844	0.0011734535	1.586033E-4	26.512
2020-05-24 13:56:04	5	3594.3538	-67	-67	102400	4096	-17.093561	0.022061074	0.094228014	0.10615238	-6.109123E-5	4.3931187E-4	0.015225466	0.29511377	-0.31228712	0.6074009	1.1623999	2.391686	2.7800958	3.1319113	1.8950982	0.0012088974	1.6731088E-4	26.684
2020-05-24 14:15:28	5	3596.708	-67	-68	102400	4096	-17.071962	0.022383144	0.09257196	0.104121655	-6.4011016E-5	4.124871E-4	0.014634329	0.27412024	-0.37121972	0.64533997	1.1618373	2.2659729	2.6326919	2.9611585	1.9260377	0.0013827211	2.2841753E-4	26.688
2020-05-24 14:25:23	5	3599.7139	-71	-72	102400	4096	-17.020546	0.025616711	0.09332028	0.10536958	-6.187123E-5	4.3678356E-4	0.015016531	0.2804138	-0.34591752	0.6263313	1.1629728	2.2883086	2.6612406	3.0048542	1.9369886	0.0018724247	2.8940607E-4	26.336
2020-05-24 15:05:11	5	3552.097	-67	-67	102400	4096	-17.15548	0.022760136	0.095069185	0.107429445	-1.0438939E-4	4.700585E-4	0.015638862	0.2890417	-0.3567446	0.6457863	1.1640704	2.3113086	2.690526	3.0403302	1.921948	0.00126206	1.8750376E-4	26.908
2020-05-24 15:43:05	5	3602.403	-67	-67	102400	4096	-17.10764	0.023979656	0.09423339	0.1064019	-9.3589944E-5	4.5968464E-4	0.015375661	0.27330032	-0.37198433	0.64528465	1.1653799	2.2040591	2.5685663	2.900249	1.9444305	0.0012663299	1.7420396E-4	26.596
2020-05-24 16:04:04	5	3555.199	-103	-104	102400	4096	-17.180552	0.02472172	0.09761077	0.11105513	-1.681957E-4	6.8219256E-4	0.017471537	0.35292068	-0.48276314	0.8356838	1.1902192	2.6700017	3.1778872	3.6155915	2.2348313	0.0012792473	1.7746449E-4	26.776
2020-05-24 16:12:27	5	3588.0603	-69	-69	102400	4096	-17.331184	0.023937812	0.09405081	0.10800071	-7.296807E-5	4.8398547E-4	0.015900932	0.2843345	-0.38007513	0.66440964	1.1675748	2.2548532	2.6327095	3.023201	1.9141992	0.0013687832	1.9545843E-4	26.9
2020-05-24 22:07:54	5	3621.8354	-69	-69	102400	4096	-17.294783	0.02281943	0.09644988	0.10852941	-1.244639E-4	4.812251E-4	0.015884692	0.2756699	-0.38839832	0.6640682	1.1612934	2.1872578	2.5400481	2.8581676	1.9071759	0.0011669847	1.6027251E-4	26.716
2020-05-24 22:37:39	5	3618.3674	-67	-68	102400	4096	-17.257338	0.022457546	0.09506943	0.10699056	-1.499163E-4	4.5657923E-4	0.015454742	0.29425624	-0.3698463	0.66410255	1.1619445	2.366981	2.750301	3.095172	1.9115807	0.0011384535	1.4704354E-4	26.812
2020-05-25 01:34:42	5	3621.5066	-69	-69	102400	4096	-16.683956	0.022808911	0.09800188	0.11052189	-1.5904242E-4	5.220495E-4	0.016518964	0.29088297	-0.43010816	0.72099113	1.162902	2.2632205	2.6319036	2.9681365	1.9131371	0.0011643767	1.5644002E-4	25.976
2020-05-25 02:33:43	5	3613.6902	-69	-69	102400	4096	-16.572546	0.023908155	0.09737012	0.10981548	-8.697679E-5	5.0431525E-4	0.016286207	0.29139	-0.35378402	0.645174	1.1621078	2.2833087	2.653451	2.9926019	1.9013505	0.0012942482	1.8160576E-4	25.96
2020-05-25 03:32:51	5	3615.6404	-69	-69	102400	4096	-16.38924	0.022848899	0.097027905	0.109120466	-7.1388844E-5	4.8941065E-4	0.01602718	0.27934167	-0.34683898	0.62618065	1.160172	2.2065163	2.5599384	2.8789828	1.9052817	0.0011086162	1.3572928E-4	25.692
2020-05-25 06:59:08	5	3621.212	-69	-70	102400	4096	-16.102661	0.02404692	0.09702035	0.10902935	-1.14925235E-4	4.816221E-4	0.015955312	0.25974682	-0.38535377	0.6451006	1.1585351	2.0563529	2.382357	2.6772406	1.8918897	0.0013075339	1.9511655E-4	25.3
2020-05-25 07:28:48	5	3621.5535	-69	-70	102400	4096	-16.039955	0.023430767	0.09930683	0.11146383	-1.4254267E-4	5.2901846E-4	0.016643114	0.31096375	-0.42900074	0.7399645	1.1573997	2.4104185	2.7898176	3.1313431	1.9098604	0.0012864689	1.7890795E-4	25.184
2020-05-25 11:24:52	5	3618.6672	-85	-85	102400	4096	-5.8536944	0.022234859	0.099052295	0.111574575	-8.782304E-5	5.310956E-4	0.016758649	0.29423094	-0.42679167	0.7210226	1.1602571	2.27284	2.6370788	2.9704607	1.8910139	0.0011933148	1.6540475E-4	24.728
2020-05-25 12:23:48	5	3616.264	-89	-89	102400	4096	-7.9104023	0.023346875	0.09551237	0.10782177	-9.816283E-5	4.6001794E-4	0.015591022	0.28246564	-0.36268312	0.64514875	1.1580594	2.262186	2.6197457	2.9573722	1.8924552	0.001266958	1.8332562E-4	25.776
2020-05-25 16:48:58	5	3616.2637	-75	-76	102400	4096	-2.2575023	0.026576217	0.36562926	0.40101638	-0.03400758	0.072485514	0.20385289	0.7395049	-0.9302922	1.6697971	1.125891	1.6378819	1.8440764	2.022554	1.7442851	0.0019038654	3.2266174E-4	24.024
2020-05-25 20:47:54	5	3626.234	-61	-61	102400	4096	-5.0286107	0.023333726	0.12132917	0.14183314	-0.0011059325	0.0023364471	0.030211909	0.41838714	-0.60610706	1.0244942	1.2254945	2.4070728	2.9498546	3.448364	2.5597622	0.0013100193	1.9391495E-4	24.624
2020-05-27 20:16:54	5	3625.306	-87	-87	102400	4096	-14.655908	0.02208611	0.09320436	0.10501235	-9.866538E-5	4.281662E-4	0.01494444	0.274845	-0.3132993	0.5881443	1.1641245	2.2482677	2.6172636	2.9488428	1.9171368	0.0011411154	1.5240278E-4	25.428
2020-05-28 00:14:34	5	3625.3242	-87	-87	102400	4096	-15.227239	0.023370646	0.09746763	0.10926754	-9.140241E-5	4.7965493E-4	0.01596553	0.27700812	-0.38702577	0.6640339	1.1563798	2.1923041	2.5351365	2.8420525	1.8817512	0.0012292245	1.7084731E-4	24.328
2020-05-28 04:12:07	5	3624.575	-87	-87	102400	4096	-15.227031	0.02358869	0.10003578	0.1118981	-1.3263419E-4	5.274284E-4	0.016690588	0.29560348	-0.42535427	0.72095776	1.1545509	2.2880933	2.6417203	2.9549775	1.8933034	0.0012711239	1.8142881E-4	24.108
2020-05-28 08:09:47	5	3624.693	-87	-87	102400	4096	-15.13951	0.023142044	0.09972461	0.11263617	-1.2605666E-4	5.239328E-4	0.016829884	0.2840003	-0.4179841	0.7019844	1.1517619	2.1891637	2.5213952	2.8478456	1.8497514	0.0013368019	2.0213689E-4	24.1
2020-05-28 20:01:59	5	3623.7651	-87	-87	102400	4096	-14.592117	0.023171198	0.09670192	0.10889784	-5.3421467E-5	4.638597E-4	0.015775803	0.28661197	-0.30154568	0.58815765	1.1533908	2.2819104	2.6319344	2.9638708	1.8638188	0.0012935048	1.9055148E-4	24.9
2020-05-28 23:59:42	5	3623.5234	-87	-87	102400	4096	-14.494287	0.022069845	0.094659686	0.10688724	-6.238632E-5	4.4327218E-4	0.015315126	0.28359282	-0.30456674	0.58815956	1.1578022	2.2915795	2.6531959	2.9959195	1.8898587	0.0012009674	1.6953675E-4	24.968
2020-05-29 15:49:43	5	3623.5933	-85	-86	102400	4096	-14.535191	0.022088712	0.089341305	0.10084103	-7.8116915E-5	3.5098768E-4	0.01362645	0.26759323	-0.30159298	0.5691862	1.1575881	2.292365	2.6536148	2.9951794	1.8902812	0.0012252058	1.7737575E-4	24.904
2020-05-30 07:39:13	5	3623.5884	-87	-88	102400	4096	-15.036935	0.023644166	0.099090904	0.11126899	-9.044832E-5	5.156665E-4	0.016596058	0.31398785	-0.33108985	0.6450777	1.157786	2.4373078	2.8218808	3.168685	1.8722291	0.0012397472	1.6852627E-4	24.048
2020-05-30 15:34:06	5	3623.13	-87	-87	102400	4096	-14.859866	0.023353599	0.0986969	0.11039559	-1.2762284E-4	4.787287E-4	0.016129462	0.26962867	-0.35648045	0.6261091	1.1504247	2.12303	2.4423864	2.731886	1.8401351	0.0011416652	1.5706095E-4	24.26
2020-05-30 16:04:45	5	3615.999	-87	-87	102400	4096	-14.822604	0.021634752	0.09810947	0.110206604	-1.7542522E-4	4.8040494E-4	0.01614162	0.28772038	-0.376406	0.6641264	1.1528318	2.264629	2.6107361	2.9326463	1.8437974	0.0011186806	1.5838501E-4	24.104
2020-05-30 17:03:52	5	3614.742	-87	-87	102400	4096	-14.782638	0.021658769	0.09198855	0.10424897	-1.3086064E-4	4.0297952E-4	0.014606119	0.2664524	-0.3028101	0.5692625	1.1592995	2.2047138	2.5559235	2.8965821	1.888919	0.0011826227	1.7980012E-4	24.256
2020-05-30 18:32:22	5	3614.3071	-87	-87	102400	4096	-14.728031	0.022694862	0.09554994	0.1075899	-1.1153189E-4	4.5671948E-4	0.015514355	0.26867837	-0.37648994	0.6451683	1.1576983	2.1570778	2.497245	2.8119154	1.8975013	0.0011690534	1.5962448E-4	24.464
2020-05-30 19:02:03	5	3613.5312	-87	-87	102400	4096	-14.705365	0.02246589	0.09559426	0.108807996	-5.9243386E-5	4.7783833E-4	0.015943488	0.32174504	-0.3234309	0.64517593	1.1604619	2.548122	2.9569983	3.3657362	1.8798113	0.0012117297	1.7238983E-4	24.36
2020-05-30 21:00:05	5	3613.3784	-87	-87	102400	4096	-14.649097	0.022890149	0.09214031	0.1050811	-9.235969E-5	4.2877032E-4	0.014887836	0.26544374	-0.43666083	0.70210457	1.1611576	2.1754882	2.5260847	2.8808646	1.9344682	0.0012471917	1.8575991E-4	24.388
2020-05-30 22:28:36	5	3613.0374	-85	-86	102400	4096	-14.643136	0.023647983	0.09296852	0.104448155	-7.56518E-5	4.096004E-4	0.014657187	0.25940824	-0.44270015	0.7021084	1.1591097	2.1426857	2.4836078	2.7902803	1.9065981	0.0012081898	1.6751896E-4	24.46
2020-05-31 01:54:56	5	3611.932	-85	-86	102400	4096	-14.693782	0.02248821	0.09406747	0.10594109	-9.699207E-5	4.3580425E-4	0.0151285045	0.2718611	-0.3733301	0.6451912	1.1610036	2.210289	2.5661535	2.890065	1.9041426	0.0011616674	1.5831353E-4	24.332
2020-05-31 03:24:31	5	3513.1423	-85	-86	102400	4096	-14.66659	0.02449451	0.094138525	0.10585749	-1.1881836E-4	4.3387647E-4	0.015059908	0.29844537	-0.3477405	0.6461859	1.1592833	2.4319448	2.8193128	3.170279	1.9130287	0.0013049587	1.7353873E-4	24.732
2020-05-31 03:53:16	5	3607.9463	-120	-86	102400	4096	-14.692963	0.023224356	0.0936108	0.10530035	-9.773959E-5	4.2498446E-4	0.014911279	0.28914523	-0.35608506	0.6452303	1.1596519	2.367874	2.7459095	3.0888019	1.9113634	0.0013103264	1.9541295E-4	24.488
2020-05-31 04:22:57	5	3609.0134	-85	-86	102400	4096	-14.71366	0.02233143	0.095520176	0.107232176	-1.3038846E-4	4.5250444E-4	0.015429133	0.3100778	-0.3920735	0.7021513	1.1583656	2.4963179	2.8916488	3.246202	1.9008148	0.0011524168	1.532691E-4	24.628
2020-05-31 06:50:19	5	3611.0212	-85	-86	102400	4096	-14.7616825	0.024079457	0.0961446	0.10884379	-1.8726279E-4	5.038163E-4	0.015998797	0.3016087	-0.49540362	0.7970123	1.1620907	2.3845158	2.7710235	3.137032	1.9683281	0.0013388403	1.9103833E-4	24.28
2020-05-31 12:14:26	5	3611.321	-87	-87	102400	4096	-14.64449	0.023712581	0.0921702	0.103874445	-7.684169E-5	4.124088E-4	0.014576502	0.26038814	-0.40378594	0.6641741	1.1622993	2.1567237	2.5067585	2.8250794	1.9409809	0.0012512789	1.7123437E-4	24.508
2020-05-31 14:41:53	5	3612.4614	-87	-87	102400	4096	-14.539044	0.023454467	0.0928944	0.104613796	-8.4344174E-5	4.1434495E-4	0.014678267	0.3069991	-0.45204365	0.75904274	1.1581063	2.5339596	2.9345946	3.3048182	1.923147	0.0012534147	1.7822708E-4	24.708
2020-05-31 15:41:01	5	3611.886	-87	-87	102400	4096	-14.511378	0.023434056	0.095135234	0.10668635	-7.460815E-5	4.286718E-4	0.015178132	0.2602326	-0.30905375	0.56928635	1.1547828	2.1122851	2.4392304	2.7353969	1.8607512	0.001257403	1.8618225E-4	24.84
2020-05-31 17:09:36	5	3611.7263	-87	-87	102400	4096	-14.476629	0.023230184	0.096044235	0.10867281	-7.236722E-5	4.8227914E-4	0.015921416	0.30135474	-0.36281458	0.6641693	1.1611009	2.3882906	2.7730463	3.137666	1.9025458	0.0012295551	1.6712437E-4	24.884
2020-05-31 21:05:17	5	3612.632	-85	-86	102400	4096	-14.39923	0.021709444	0.09282439	0.105211794	-3.964354E-5	4.3041867E-4	0.015028673	0.28107706	-0.2882026	0.5692797	1.1651877	2.2927942	2.6715355	3.0280516	1.9056793	0.0011544656	1.6920084E-4	24.976
2020-05-31 21:34:58	5	3612.092	-87	-87	102400	4096	-14.394988	0.021299627	0.09778637	0.109946504	-3.564366E-5	5.027684E-4	0.016279161	0.29569682	-0.3494934	0.64519024	1.1604718	2.3175583	2.689461	3.0239065	1.8971598	0.0010924189	1.4100083E-4	24.992
2020-06-01 02:00:12	5	3612.7495	-87	-87	102400	4096	-14.414997	0.023389926	0.096876755	0.108947	-8.14792E-5	4.928583E-4	0.016026936	0.2778939	-0.34831345	0.62620735	1.1620103	2.1950972	2.5507257	2.8685305	1.9187616	0.0012826301	1.7877395E-4	24.992
2020-06-01 02:29:53	5	3612.0024	-87	-87	102400	4096	-14.423866	0.021353032	0.097330995	0.110243455	-7.956496E-5	5.016931E-4	0.01637725	0.30557895	-0.32063508	0.626214	1.1608275	2.3878274	2.7718558	3.1395853	1.8704933	0.0011794864	1.788979E-4	24.988
2020-06-01 03:29:02	5	3612.2148	-87	-87	102400	4096	-14.441368	0.022157036	0.093899764	0.107072145	-6.957683E-5	4.5735235E-4	0.015482436	0.32312694	-0.37899002	0.70211697	1.162099	2.5968897	3.0178432	3.44119	1.9079735	0.0011340014	1.5212253E-4	24.98
2020-06-01 04:28:12	5	3611.2153	-87	-87	102400	4096	-14.463386	0.023911629	0.0959405	0.108340725	-1.0888066E-4	4.7665153E-4	0.015804509	0.2690237	-0.37617418	0.64519787	1.1603761	2.1399322	2.4831262	2.8040679	1.9082663	0.0012128514	1.5850704E-4	24.968
2020-06-01 05:27:18	5	3611.5442	-120	-87	102400	4096	-14.480279	0.021336704	0.095079854	0.10782526	-8.190273E-5	4.5246544E-4	0.015605261	0.28598875	-0.39715964	0.6831484	1.1585506	2.2893565	2.6523352	3.0078795	1.85799	0.0010393148	1.4087772E-4	24.964
2020-06-01 07:25:20	5	3612.1086	-87	-87	102400	4096	-14.508712	0.022421889	0.09273148	0.10388464	-9.2666356E-5	3.8936277E-4	0.014404202	0.25761393	-0.34962294	0.60723686	1.155296	2.1464696	2.4798076	2.778063	1.8766187	0.0011396811	1.5137132E-4	24.948
2020-06-01 10:51:40	5	3612.0383	-87	-88	102400	4096	-14.452823	0.022145621	0.09492522	0.10672895	-7.423317E-5	4.5073815E-4	0.015348493	0.27761507	-0.36757517	0.64519024	1.1607819	2.2408364	2.6011224	2.924566	1.913343	0.0012187769	1.774814E-4	24.968
2020-06-01 11:21:22	5	3611.5918	-87	-87	102400	4096	-14.438044	0.022925692	0.096371084	0.10887353	-9.684707E-5	4.8577317E-4	0.015989324	0.28171656	-0.3634775	0.64519405	1.1614292	2.2279084	2.5875576	2.9232478	1.9000863	0.001098639	1.4163625E-4	25.008
2020-06-01 13:48:48	5	3612.156	-85	-85	102400	4096	-14.313325	0.022789711	0.094774604	0.10693378	-1.01351005E-4	4.6194787E-4	0.015480121	0.27097532	-0.39319018	0.6641655	1.1635157	2.1779232	2.5340478	2.8591554	1.9277216	0.0012541057	1.8417544E-4	25.144
2020-06-01 14:18:21	5	3612.191	-51	-48	102400	4096	-13.830504	0.04981775	0.350546	0.38817757	0.046245154	0.080884226	0.19986627	1.0216124	-0.85702586	1.8786383	1.1516999	2.2851589	2.6318173	2.9143462	2.0248125	0.0043936665	7.7078934E-4	26.124
2020-06-01 14:48:48	5	3517.7817	-73	-74	102400	4096	-11.985434	0.025412137	0.1358286	0.1598519	-0.0035517144	0.0045911935	0.039716367	0.44996363	-0.6902799	1.1402435	1.2467144	2.2578373	2.8148782	3.312731	2.9106274	0.0016844261	2.717518E-4	27.68
2020-06-01 15:17:45	5	3609.8962	-81	-82	102400	4096	-11.06119	0.022270335	0.09561534	0.108566396	-9.9113E-5	4.9883325E-4	0.016034752	0.30134457	-0.4007972	0.70214176	1.1663682	2.379755	2.7756708	3.151634	1.9401304	0.0012097666	1.8121248E-4	27.408
2020-06-01 15:47:33	5	3612.0864	-79	-79	102400	4096	-10.696402	0.023204545	0.09245259	0.104678944	-2.891036E-5	4.4627584E-4	0.01504043	0.3164379	-0.34772855	0.66416645	1.1715769	2.5802295	3.0229373	3.4227045	1.972799	0.0012244082	1.7329546E-4	27.512
2020-06-01 16:17:13	5	3612.9436	-79	-79	102400	4096	-10.801876	0.023411183	0.10638953	0.123155184	1.5981388E-4	0.0011644943	0.022226643	0.40307146	-0.3749408	0.7780123	1.2105542	2.7036166	3.2728746	3.7886384	2.3571632	0.0014302596	2.2428951E-4	27.408
2020-06-01 16:47:00	5	3614.854	-77	-77	102400	4096	-10.298044	0.023275511	0.1072464	0.123085625	-2.6222653E-4	0.001123819	0.021948868	0.35494933	-0.42304102	0.77799034	1.203646	2.3958538	2.8837595	3.309662	2.332771	0.0012819282	1.804817E-4	27.9
2020-06-01 17:16:48	5	3615.318	-79	-79	102400	4096	-12.376377	0.024204854	0.09702296	0.10964403	-1.6809994E-4	5.3284806E-4	0.016360722	0.28915033	-0.46986	0.7590103	1.1665846	2.2605932	2.6371734	2.9802258	1.990666	0.0014466998	2.1450815E-4	28.992
2020-06-01 17:46:34	5	3615.395	-79	-79	102400	4096	-11.993185	0.022667382	0.09411673	0.1083498	-5.4690434E-5	5.4772047E-4	0.016367324	0.32342625	-0.3217306	0.64515686	1.1807575	2.5280545	2.9850194	3.4364374	2.0445776	0.0012050025	1.685198E-4	29.996
2020-06-01 18:16:20	5	3615.665	-81	-82	102400	4096	-11.949446	0.022315126	0.0915804	0.10474286	-6.3613516E-5	4.9237104E-4	0.015413289	0.27973464	-0.28951928	0.5692539	1.1852862	2.253194	2.6706798	3.0545254	2.0725348	0.001254575	1.7607684E-4	30.0
2020-06-01 18:46:33	5	3616.2932	-83	-83	102400	4096	-12.418995	0.022630356	0.0930389	0.10509993	-8.981211E-5	4.4020388E-4	0.015054011	0.29399619	-0.42705217	0.72104836	1.1674107	2.3961587	2.7973013	3.1599274	1.942448	0.0011334504	1.5751332E-4	30.004
2020-06-01 19:16:19	5	3615.5942	-83	-83	102400	4096	-13.010836	0.022542978	0.09786211	0.1112259	-5.337126E-5	5.570647E-4	0.016971134	0.29747865	-0.328702	0.62618065	1.1712497	2.2834966	2.6745448	3.0397735	1.9341222	0.0012398978	1.7507275E-4	30.0
2020-06-01 22:13:38	5	3616.3396	-87	-87	102400	4096	-10.6390705	0.022868773	0.09614798	0.10906356	-7.575518E-5	5.221266E-4	0.01629689	0.29772496	-0.38537288	0.68309784	1.1705034	2.3321846	2.72983	3.0965285	1.9659225	0.001218483	1.6786174E-4	28.068
2020-06-01 23:42:18	5	3616.087	-85	-86	102400	4096	-10.777348	0.022603646	0.09377121	0.10758463	-9.309273E-5	4.916343E-4	0.015854526	0.28416237	-0.37996402	0.6641264	1.1703787	2.2567837	2.6412916	3.0303798	1.9558502	0.0012578538	1.7241285E-4	27.92
2020-06-02 00:12:04	5	3615.624	-87	-87	102400	4096	-10.7958145	0.022015812	0.0943403	0.10815466	-8.212134E-5	4.940626E-4	0.015986426	0.30255568	-0.34259927	0.64515495	1.169043	2.392928	2.7974353	3.207067	1.933211	0.0011691252	1.6568E-4	27.828
2020-06-02 00:41:47	5	3615.1587	-87	-87	102400	4096	-10.809112	0.02165338	0.09381346	0.10617761	-5.6675108E-5	4.5889872E-4	0.015389141	0.2968037	-0.3104055	0.6072092	1.1683533	2.3925562	2.795351	3.1637647	1.9377071	0.0011256094	1.5385257E-4	27.816
2020-06-02 01:11:25	5	3615.0527	-79	-80	102400	4096	-12.53982	0.02279205	0.09272679	0.10606999	-5.7428704E-5	4.8215565E-4	0.015577526	0.33869302	-0.36339438	0.7020874	1.1766756	2.7136698	3.1931088	3.6525905	1.9869654	0.0011520304	1.5463559E-4	27.7
2020-06-02 01:41:16	5	3614.8828	-81	-82	102400	4096	-12.731612	0.022306604	0.097004615	0.11047791	-1.4578362E-4	5.2567077E-4	0.016515553	0.30274883	-0.39933953	0.70208836	1.1632447	2.3557863	2.7403562	3.1209733	1.9272034	0.0011747386	1.6273721E-4	27.2
2020-06-02 02:10:55	5	3615.0942	-81	-81	102400	4096	-13.014838	0.022960838	0.09761662	0.11097804	-9.598537E-5	5.306334E-4	0.01667335	0.30138627	-0.4386507	0.74003696	1.1635214	2.33406	2.715729	3.0874484	1.908749	0.0012891655	1.887186E-4	26.984
2020-06-02 03:10:01	5	3615.2231	-81	-82	102400	4096	-13.67539	0.022785118	0.097381994	0.109450795	-1.0051196E-4	4.8525605E-4	0.016072068	0.27885285	-0.3473316	0.62618446	1.1582891	2.199577	2.5477462	2.8634949	1.8785701	0.0013144962	2.0222632E-4	25.94
2020-06-02 04:09:29	5	3615.0417	-79	-80	102400	4096	-13.925933	0.022132168	0.09954239	0.11266253	-1.0145489E-4	5.3710333E-4	0.017047042	0.3016551	-0.3245303	0.6261854	1.1588974	2.3103945	2.6775105	3.0304186	1.8482462	0.0011836815	1.5926451E-4	25.884
2020-06-02 04:39:00	5	3613.0796	-81	-82	102400	4096	-13.919797	0.022040635	0.10055374	0.11279432	-1.367226E-4	5.3987117E-4	0.01700036	0.3140884	-0.3500666	0.664155	1.1559575	2.4089224	2.784612	3.1235874	1.8679869	0.0011531218	1.6417366E-4	25.896
2020-06-02 05:08:42	5	3613.2673	-81	-82	102400	4096	-13.908907	0.02199586	0.09704474	0.1105015	-1.0304982E-4	4.9879577E-4	0.016376985	0.28426188	-0.34193975	0.6262016	1.1581074	2.2212715	2.572471	2.9291837	1.8597512	0.0012108211	1.6967834E-4	25.848
2020-06-02 05:38:29	5	3613.3315	-81	-81	102400	4096	-13.878289	0.023637136	0.098405235	0.110717766	-8.746588E-5	5.208372E-4	0.016526118	0.2726337	-0.4104956	0.6831293	1.1610959	2.1207728	2.4624207	2.7705204	1.9070425	0.0012596467	1.733453E-4	25.908
2020-06-02 06:08:11	5	3612.9607	-81	-81	102400	4096	-13.813767	0.023956312	0.09709403	0.111108564	-8.505987E-5	5.408928E-4	0.016822867	0.2839396	-0.36124206	0.64518166	1.1673537	2.1891522	2.5555148	2.9243774	1.9112222	0.001290494	1.8051063E-4	25.94
2020-06-02 06:37:52	5	3612.814	-81	-82	102400	4096	-13.7881	0.023832344	0.09905336	0.111728825	-1.2448705E-4	5.557036E-4	0.016928794	0.27721745	-0.44386905	0.7210865	1.1645222	2.1306276	2.481163	2.7986677	1.9390597	0.0011932187	1.6787378E-4	25.936
2020-06-02 07:37:26	5	3612.221	-81	-81	102400	4096	-13.709359	0.02222004	0.09848778	0.11093804	-8.5328254E-5	5.218886E-4	0.016622564	0.29323617	-0.33297595	0.6262121	1.162167	2.2744088	2.6432426	2.9773862	1.8887817	0.001144404	1.5917936E-4	25.96
2020-06-02 08:07:12	5	3612.0618	-81	-81	102400	4096	-13.6971655	0.022174383	0.10012636	0.11309311	-7.991437E-5	5.64187E-4	0.017261935	0.2999863	-0.3641792	0.6641655	1.1617391	2.2832668	2.6525605	2.9960768	1.8934076	0.001184366	1.6646368E-4	25.968
2020-06-02 08:36:51	5	3612.05	-79	-80	102400	4096	-13.695936	0.023460831	0.09607794	0.10830743	-7.7137505E-5	4.8291404E-4	0.015875872	0.3177307	-0.36541197	0.68314266	1.1633503	2.5216823	2.9336002	3.3070097	1.9159962	0.0013192686	1.9769356E-4	25.872
2020-06-02 09:06:37	5	3611.6729	-83	-83	102400	4096	-13.13923	0.022178475	0.10232363	0.11486723	-9.6949305E-5	5.797754E-4	0.017637571	0.3112605	-0.371886	0.6831465	1.1561741	2.343714	2.7097414	3.041922	1.8637267	0.0011165257	1.5377883E-4	25.924
2020-06-02 09:36:12	5	3611.8618	-83	-84	102400	4096	-13.075236	0.024959471	0.101825975	0.11564297	-1.3007253E-4	6.258446E-4	0.018044656	0.3042314	-0.454818	0.7590494	1.1615958	2.2647996	2.6307817	2.9877584	1.9220705	0.0013282642	1.8524339E-4	25.896
2020-06-02 10:06:06	5	3612.4792	-83	-83	102400	4096	-13.044541	0.02276535	0.09577418	0.10822369	-9.012365E-5	4.8969634E-4	0.015924051	0.2926321	-0.37152958	0.6641617	1.1660157	2.3189702	2.703956	3.0554383	1.9311666	0.0011794975	1.6128122E-4	25.928
2020-06-02 11:05:15	5	3612.8025	-79	-80	102400	4096	-13.965752	0.023982005	0.09970968	0.11263267	-1.17211406E-4	5.307541E-4	0.016913582	0.28408343	-0.36109918	0.6451826	1.1546581	2.1843796	2.5222116	2.8491056	1.8553342	0.0012195132	1.6181859E-4	25.72
2020-06-02 11:34:57	5	3611.9912	-81	-81	102400	4096	-15.397362	0.02272179	0.09920015	0.11163798	-1.18244396E-4	5.306777E-4	0.016772024	0.31128618	-0.35288027	0.66416645	1.1600609	2.4036272	2.788354	3.137961	1.8865134	0.0011972393	1.6375091E-4	24.988
2020-06-02 12:04:42	5	3611.915	-81	-81	102400	4096	-15.480377	0.022633955	0.10246055	0.11518845	-1.3494377E-4	5.792625E-4	0.017701335	0.2994035	-0.3457877	0.6451912	1.1550322	2.2503695	2.5992491	2.9221342	1.8486868	0.0012085842	1.6539796E-4	24.864
2020-06-02 12:34:23	5	3610.8694	-81	-82	102400	4096	-15.192435	0.02316037	0.099826284	0.111861974	-1.0126361E-4	5.194697E-4	0.016676959	0.31484494	-0.36830917	0.6831541	1.1544522	2.4380257	2.8145843	3.1539283	1.8677832	0.0012893368	1.8748679E-4	25.112
2020-06-02 13:04:06	5	3611.2625	-81	-82	102400	4096	-14.90907	0.023301605	0.09691025	0.109088846	-1.2832813E-4	4.901509E-4	0.016029404	0.2782619	-0.4048884	0.6831503	1.1605887	2.1978347	2.5507822	2.8713357	1.9076338	0.0012177447	1.6589263E-4	25.552
2020-06-02 13:33:49	5	3611.3625	-81	-82	102400	4096	-14.647042	0.022479625	0.09275203	0.10482616	-6.4586384E-5	4.181158E-4	0.0148225045	0.2819265	-0.32531798	0.6072445	1.1614249	2.3156617	2.689467	3.0395722	1.9030638	0.0011461983	1.509838E-4	25.924
2020-06-02 14:03:34	5	3611.3086	-81	-82	102400	4096	-14.888785	0.023174765	0.09508099	0.10676466	-8.020129E-5	4.4496244E-4	0.01530992	0.2959408	-0.40618572	0.7021265	1.1589346	2.3917642	2.7718985	3.1125128	1.8983554	0.001252207	1.8125601E-4	25.492
2020-06-02 15:02:26	5	3612.0322	-79	-80	102400	4096	-15.585858	0.022400772	0.09734541	0.10926249	-8.203533E-5	4.8732295E-4	0.016025022	0.31003124	-0.335159	0.64519024	1.1585858	2.4490979	2.83749	3.1848574	1.8976654	0.0012464038	1.696027E-4	24.436
2020-06-02 15:32:20	5	3611.9272	-79	-80	102400	4096	-15.470553	0.023688493	0.101319745	0.11410006	-1.2671495E-4	5.737902E-4	0.01747001	0.2895818	-0.41253802	0.7021198	1.1584057	2.1909108	2.5379636	2.8580985	1.8800389	0.0013036095	1.8873112E-4	24.74
2020-06-02 16:02:01	5	3611.1096	-79	-80	102400	4096	-15.289022	0.023044543	0.1024178	0.11484225	-1.3564317E-4	5.742356E-4	0.017598337	0.2976283	-0.34757146	0.6451998	1.1551386	2.243564	2.5916274	2.9060214	1.8541584	0.001308302	1.8866906E-4	24.968
2020-06-02 16:31:28	5	3611.3628	-69	-69	102400	4096	-18.3828	0.022898473	0.09958835	0.113821976	-3.8713933E-5	7.222727E-4	0.018307682	0.3552415	-0.34688404	0.70212555	1.1887501	2.6254697	3.1210277	3.567099	2.1549363	0.0012813294	1.821716E-4	25.144
2020-06-02 17:01:41	5	3612.6028	-81	-81	102400	4096	-3.8138835	0.022797624	0.09376802	0.108463235	-1.1171914E-4	6.0066016E-4	0.016633121	0.30331987	-0.436745	0.74006486	1.1890615	2.3518736	2.7965226	3.23479	2.1711073	0.0012472568	1.805413E-4	29.14
2020-06-02 17:30:57	5	3610.746	-85	-85	102400	4096	-19.689	0.08336549	0.5051062	0.5838417	0.061612982	0.63022524	0.50205547	2.0218282	-1.7924591	3.8142872	1.2136145	2.8534377	3.462973	4.002778	2.5003016	0.008911461	0.0016965673	29.436
2020-06-02 18:00:45	5	3613.784	-85	-86	102400	4096	-19.94426	0.09121427	0.5825358	0.67284054	-0.014870521	1.0572625	0.6619872	2.2019987	-1.9536752	4.155674	1.2092404	2.7064018	3.2726905	3.7800229	2.4125905	0.009886417	0.0018613255	29.532
2020-06-02 18:59:58	5	3615.5356	-85	-87	102400	4096	-20.376917	0.0859923	0.55341893	0.6260486	0.032284304	0.60358137	0.5393242	1.8950957	-1.6342889	3.5293846	1.173051	2.580514	3.0270743	3.424342	2.0750856	0.010455635	0.0020835933	29.0
2020-06-02 20:58:14	5	3615.9343	-85	-86	102400	4096	-21.212887	0.091480725	0.5032592	0.5777094	-0.034209125	0.5423683	0.48251012	1.6685723	-1.8418132	3.5103855	1.2023857	2.4021041	2.8882556	3.315533	2.3296006	0.009898488	0.0019889423	27.9
2020-06-02 21:27:55	5	3616.129	-85	-86	102400	4096	-21.105484	0.11797977	0.6918789	0.7755699	0.028705275	1.2345918	0.80350244	1.9407271	-2.1199248	4.060652	1.1557733	2.1650646	2.5023239	2.8050098	1.912269	0.012434753	0.0022480858	27.996
2020-06-02 22:56:46	5	3615.817	-85	-86	102400	4096	-20.984102	0.098547064	0.5002085	0.5731085	-0.003905768	0.5341023	0.4737912	1.8572062	-1.7670366	3.6242428	1.2010378	2.6981533	3.2405841	3.7128642	2.3793068	0.010828596	0.0021129064	28.0
2020-06-02 23:55:58	5	3615.9285	-85	-86	102400	4096	-21.242445	0.08802594	0.43277782	0.4979046	0.006463933	0.296499	0.35690653	1.8689039	-1.5086558	3.3775597	1.1998615	3.1283095	3.7535381	4.318391	2.3276315	0.009655632	0.0018776987	27.684
2020-06-03 01:24:43	5	3615.9521	-85	-86	102400	4096	-20.904078	0.08283173	0.49716347	0.56512207	0.018315647	0.4227898	0.4452909	1.7202955	-1.7711157	3.4914112	1.1808089	2.5779896	3.0441134	3.4602213	2.1322439	0.008828209	0.0017352569	28.024
2020-06-03 03:23:08	5	3614.1187	-85	-86	102400	4096	-21.181662	0.10582328	0.48702008	0.56039846	0.01190051	0.4571574	0.4500004	1.8455415	-1.8357215	3.681263	1.1970423	2.7511697	3.2932665	3.7894568	2.2575636	0.01246636	0.002509088	27.84
2020-06-03 06:20:18	5	3615.964	-87	-87	102400	4096	-21.938637	0.083797954	0.3921085	0.4541565	-0.0039940747	0.23974003	0.30534142	1.6163539	-1.5714551	3.187809	1.2167107	2.9251192	3.559024	4.1222105	2.571397	0.009325448	0.0018557273	26.736
2020-06-03 06:50:06	5	3615.8057	-85	-86	102400	4096	-22.067326	0.10628862	0.44950134	0.5203357	-0.044001695	0.35418335	0.39365402	1.6121701	-1.6325713	3.2447414	1.2057958	2.5695288	3.098327	3.5865746	2.2855923	0.011601751	0.0022968936	26.34
2020-06-03 07:19:47	5	3615.5352	-85	-86	102400	4096	-21.777874	0.089610286	0.44072768	0.5082365	0.0068979682	0.33083227	0.37551945	1.6072618	-1.5615939	3.1688557	1.2057308	2.6228316	3.1624286	3.6468363	2.346081	0.009682133	0.0019006751	26.856
2020-06-03 08:48:22	5	3615.7175	-85	-86	102400	4096	-21.595581	0.103139676	0.53453577	0.6030587	-0.0022394224	0.5169922	0.49808237	1.6147747	-1.8576717	3.4724464	1.1702833	2.288028	2.6776412	3.020892	2.083923	0.011413698	0.0022400224	27.004
2020-06-03 09:18:14	5	3616.1345	-85	-86	102400	4096	-21.537783	0.08972533	0.5378453	0.61201537	-0.012553622	0.63112646	0.52747846	1.9935292	-1.8204471	3.8139763	1.1866975	2.7448602	3.2573187	3.70651	2.2683337	0.009617609	0.0018685344	27.028
