2020-05-23 10:22:37	5	3563.0652	-67	-68	6400	4096	-16.250849	0.022349393	0.025001036	0.029359933	-1.7186356E-4	1.29993E-4	0.001603376	0.22288772	-0.82158786	1.0444756	1.3646439	5.563034	7.591561	8.915139	50.445484	0.039100945	0.5983869	26.944
2020-05-23 10:34:05	5	3531.1282	-65	-66	6400	4096	-16.33792	0.022428773	0.024044422	0.029477887	-7.4038646E-5	4.2117972E-5	0.0015995265	0.22589885	-0.53410137	0.7600002	1.3574373	5.6454415	7.6633325	9.395062	16.428696	0.043380674	0.61314446	27.024
2020-05-23 10:52:37	5	3549.4067	-63	-65	6400	4096	-16.450619	0.024786139	0.02438668	0.030562779	-1.7377554E-4	1.495892E-4	0.0018090016	0.24827823	-0.8534044	1.1016827	1.3921648	5.835192	8.123549	10.180895	45.642174	0.033652987	0.43790895	26.86
2020-05-23 10:54:24	5	3410.4963	-103	-103	6400	4096	-16.496342	0.34960237	0.08074195	0.11978768	-0.7467006	16.435823	0.19604965	9.661774	-13.050315	22.71209	3.6963842	21.820646	80.65749	119.662384	427.59686	0.6253307	4.874819	26.892
2020-05-23 11:13:42	5	3528.7476	-103	-103	6400	4096	-16.515974	0.021432962	0.024401313	0.029101796	-8.41136E-5	5.816212E-5	0.0015573995	0.25133803	-0.6416978	0.8930359	1.3567755	6.3654695	8.636513	10.300185	23.929243	0.047267664	0.8232974	26.976
2020-05-23 11:50:07	5	3558.1135	-63	-64	6400	4096	-16.421972	0.02309411	0.025388617	0.02977369	-1.3645561E-4	1.2730889E-4	0.0016291644	0.27881828	-0.8227137	1.101532	1.3565328	6.903325	9.364587	10.98202	47.84174	0.04073172	0.60910827	26.624
2020-05-23 12:00:56	5	3545.198	-103	-103	6400	4096	-16.40499	0.022827135	0.026276859	0.030411832	-1.7399478E-4	1.3419139E-4	0.0016780469	0.18258005	-0.82419866	1.0067787	1.3480816	4.453429	6.003586	6.9483213	47.49956	0.03615275	0.5428901	26.272
2020-05-23 12:01:49	5	3354.3774	-65	-65	6400	4096	-16.459635	0.25172135	0.09804314	0.1461269	-0.05854332	2.331963	0.12920207	7.8271112	-7.8753176	15.702429	2.4598763	21.774996	53.563797	79.83334	139.68443	0.47901705	5.992605	26.66
2020-05-23 12:19:29	5	3559.8003	-65	-65	6400	4096	-16.425262	0.027463965	0.025853049	0.0317726	-1.9854677E-4	1.6968462E-4	0.0019516164	0.24455227	-0.8759426	1.1204948	1.3912457	5.53242	7.6969557	9.459321	44.444313	0.06122716	0.61878586	26.396
2020-05-23 12:39:01	5	3564.1316	-63	-64	6400	4096	-16.432169	0.024248296	0.025670292	0.03043827	-2.3331949E-4	2.0288145E-4	0.001825193	0.25255138	-0.92483777	1.1773891	1.4041578	5.908998	8.297165	9.838274	60.799335	0.03926015	0.5217414	26.408
2020-05-23 12:50:17	5	3522.9175	-99	-100	6400	4096	-16.414318	0.023095286	0.025008192	0.029739445	-6.1517545E-5	3.6708047E-5	0.0015601352	0.24318226	-0.5359201	0.7791023	1.3289183	6.153196	8.177094	9.724104	15.046539	0.035528902	0.41973692	26.536
2020-05-23 15:05:30	5	3543.4424	-101	-101	6400	4096	-16.035206	0.022905631	0.024663402	0.03014471	-3.9407823E-5	2.6668718E-5	0.0016263825	0.26825824	-0.43460545	0.7028637	1.3385237	6.6483808	8.899015	10.876774	10.061283	0.040092237	0.54240584	26.012
2020-05-23 16:13:46	5	3566.5757	-101	-101	6400	4096	-16.19151	0.023273848	0.026511407	0.030865496	-6.553924E-5	2.8792187E-5	0.0016261504	0.18341269	-0.4432391	0.62665176	1.3070953	4.546203	5.942321	6.9182553	10.868073	0.036713194	0.4230501	26.004
2020-05-23 16:23:40	5	3125.986	-101	-101	6400	4096	-16.47342	0.38787532	0.17600624	0.26908597	-0.41652328	10.349517	0.33073744	8.683782	-10.37882	19.062603	2.137244	15.09954	32.2714	49.337917	94.61051	0.92927307	15.15093	26.36
2020-05-23 16:35:03	5	3539.8616	-83	-84	6400	4096	-16.466469	0.023274938	0.024664888	0.02936294	-1.9625781E-4	1.5591278E-4	0.001679029	0.24269384	-0.85915476	1.1018486	1.3961728	5.919977	8.265311	9.839648	55.198452	0.032700643	0.38509467	26.392
2020-05-23 18:01:14	5	3500.3252	-101	-102	6400	4096	-17.176313	0.024787292	0.027520208	0.032093722	-8.63437E-5	5.1605835E-5	0.0018198411	0.21992226	-0.59748346	0.8174057	1.3298343	5.152898	6.8525004	7.991301	15.553499	0.035442922	0.45548466	27.568
2020-05-23 18:09:12	5	3554.3618	-63	-63	6400	4096	-17.333412	0.024396818	0.028166182	0.032753315	-1.287532E-4	1.0996149E-4	0.0018854818	0.23965828	-0.78596884	1.0256271	1.3263925	5.5165195	7.31707	8.508724	30.869629	0.0383263	0.4960807	27.548
2020-05-23 19:08:01	5	3544.9111	-65	-65	6400	4096	-17.467808	0.0242522	0.027141154	0.03157796	-9.681784E-5	5.316895E-5	0.0018134686	0.25753814	-0.50229615	0.7598343	1.3490928	6.0452695	8.15563	9.488843	16.141897	0.043656457	0.5765627	27.284
2020-05-23 19:36:53	5	3564.0027	-63	-64	6400	4096	-17.19352	0.022726351	0.02592269	0.030160278	-5.9167538E-5	5.547054E-5	0.0016056623	0.25426346	-0.6382765	0.89254	1.3292041	6.3424478	8.4304085	9.808529	21.476042	0.03680163	0.4556293	26.952
2020-05-23 19:56:29	5	3505.456	-65	-65	6400	4096	-17.05321	0.023248872	0.024813227	0.02990919	-7.6483055E-5	4.0248473E-5	0.0016329952	0.21227008	-0.47201222	0.6842823	1.3517442	5.2503667	7.097152	8.554714	15.064433	0.038353577	0.47366783	26.876
2020-05-23 20:15:58	5	3563.7766	-83	-84	6400	4096	-16.933022	0.022801809	0.026136879	0.03045785	-4.938932E-5	3.8684466E-5	0.001599273	0.24057698	-0.5570133	0.79759026	1.3134679	6.013612	7.8986855	9.204504	15.102949	0.03871362	0.45543718	26.76
2020-05-24 11:02:03	5	3559.1196	-120	-66	6400	4096	-15.578755	0.021816147	0.025449438	0.029908346	-4.5362416E-5	2.6479604E-5	0.0015475136	0.21451369	-0.45019445	0.66470814	1.3160392	5.449966	7.172369	8.429015	11.032313	0.033690184	0.40890568	25.932
2020-05-24 12:29:12	5	3557.9116	-120	-69	6400	4096	-16.062544	0.021750273	0.024709888	0.0291251	-1.3105411E-4	1.126183E-4	0.001532051	0.2611956	-0.80235726	1.0635529	1.3445411	6.669977	8.968059	10.570489	47.889797	0.03179975	0.41366655	26.268
2020-05-24 13:20:41	5	3528.5024	-69	-70	6400	4096	-16.587719	0.022321574	0.021412246	0.029321779	-6.146681E-5	4.1030667E-5	0.0016164291	0.24701433	-0.5320193	0.77903366	1.371899	6.1405845	8.424261	11.536124	15.66963	0.041687567	0.5437501	27.012
2020-05-24 14:16:08	5	3557.8467	-67	-67	6400	4096	-16.734436	0.022816347	0.023563143	0.028894212	-1.6367875E-4	1.4689505E-4	0.0016261869	0.26835054	-0.85217863	1.1205292	1.3964546	6.6506605	9.287346	11.388572	55.418705	0.035975106	0.50458515	26.932
2020-05-24 15:05:57	5	3551.1465	-71	-72	6400	4096	-16.754713	0.023069914	0.024052484	0.029686661	-1.7943024E-4	1.5001181E-4	0.0017041059	0.2679062	-0.85274124	1.1206474	1.3912601	6.4865394	9.024464	11.1384	51.552128	0.03519581	0.40738273	26.964
2020-05-24 15:43:54	5	3559.9185	-67	-68	6400	4096	-16.780115	0.02276682	0.025802094	0.029840805	-1.4662369E-4	9.7552875E-5	0.0016159735	0.20061567	-0.74895406	0.9495697	1.3479962	4.987302	6.7228637	7.77517	37.260033	0.042273253	0.63522786	26.968
2020-05-24 16:04:46	5	3534.9446	-67	-68	6400	4096	-16.771732	0.022207355	0.025189964	0.02993594	-5.88597E-5	4.967154E-5	0.0016141301	0.22371344	-0.6122355	0.83594894	1.3428094	5.565252	7.4730725	8.881055	19.02298	0.035553075	0.42602217	26.972
2020-05-24 16:13:58	5	3550.81	-67	-68	6400	4096	-17.00798	0.023631334	0.026254896	0.030513374	-1.8490366E-4	1.3051214E-4	0.0017436607	0.23617393	-0.8085019	1.0446758	1.369257	5.652711	7.7400136	8.995425	42.8302	0.0451989	0.7192783	27.032
