2020-07-18 23:24:02	1	3654.948	-83	-83	6400	4096	0.374588	0.08915222	0.107449956	0.12887342	-2.913308E-5	0.0020532478	0.026276186	0.6207245	-0.527713	1.1484375	1.257818	3.8292851	4.816544	5.7768707	2.973834	0.14837624	1.8006835	29.121695
2020-07-19 00:23:35	1	3655.86	-85	-86	6400	4096	0.37636375	0.09248439	0.10688471	0.13026485	8.071307E-6	0.0022630342	0.027299725	0.61894876	-0.60605127	1.225	1.2683872	3.7460673	4.751464	5.7908072	3.0365093	0.16472243	2.0170326	28.858149
2020-07-19 01:23:08	1	3655.896	-101	-102	6400	4096	0.0939087	0.09405883	0.11845846	0.13759194	1.1276062E-4	0.0024304353	0.029096922	0.59515387	-0.62984616	1.225	1.2397398	3.4890382	4.3254995	5.0241566	2.8707142	0.15479322	1.8593527	28.594604
2020-07-22 09:54:26	1	3658.908	-71	-73	3200	4096	-0.4279724	0.08805604	0.080471985	0.09074507	6.1702456E-5	4.6507982E-4	0.012414768	0.5045349	-0.41421512	0.91875005	1.2278527	4.5281615	5.5599155	6.269696	3.0175207	0.14049433	1.7529718	29.121695
2020-07-22 15:52:09	1	3659.244	-73	-73	3200	4096	0.0	0.04372886	0.0	0.0	0.0	0.0	0.0	0.0	0.0	0.0	0.0	0.0	0.0	0.0	0.0	0.06802399	0.9209446	32.020687
2020-07-22 21:50:13	1	3659.46	-79	-79	3200	4096	0.0	0.0	0.0	0.0	0.0	0.0	0.0	0.0	0.0	0.0	0.0	0.0	0.0	0.0	0.0	0.0	0.0	31.493595
2020-07-23 03:48:06	1	3659.328	-75	-75	3200	4096	0.0	0.04465496	0.0	0.0	0.0	0.0	0.0	0.0	0.0	0.0	0.0	0.0	0.0	0.0	0.0	0.06573449	0.84148705	29.385239
2020-07-23 09:45:38	1	3659.316	-75	-75	3200	4096	0.0	0.044255324	0.0	0.0	0.0	0.0	0.0	0.0	0.0	0.0	0.0	0.0	0.0	0.0	0.0	0.06516701	0.797497	28.331059
2020-07-23 15:43:16	1	3659.316	-73	-74	3200	4096	0.0	0.044863418	0.0	0.0	0.0	0.0	0.0	0.0	0.0	0.0	0.0	0.0	0.0	0.0	0.0	0.070904434	0.92906094	31.625368
2020-07-23 21:41:20	1	3659.82	-73	-73	3200	4096	0.0	0.0	0.0	0.0	0.0	0.0	0.0	0.0	0.0	0.0	0.0	0.0	0.0	0.0	0.0	0.0	0.0	32.15246
2020-07-24 03:39:13	1	3659.556	-71	-71	3200	4096	0.0	0.0	0.0	0.0	0.0	0.0	0.0	0.0	0.0	0.0	0.0	0.0	0.0	0.0	0.0	0.0	0.0	30.57119
2020-07-24 09:37:02	1	3659.664	-75	-75	3200	4096	-0.41920587	0.08842637	0.08131498	0.09148452	1.1314731E-4	4.8141333E-4	0.012604493	0.34264335	-0.42298165	0.765625	1.2271992	3.0519655	3.74537	4.213779	3.0301726	0.14798623	1.8812952	29.253468
2020-07-24 15:34:46	1	3659.508	-81	-82	3200	4096	-0.43298188	0.087632224	0.08029143	0.091585115	-8.2376055E-6	4.94473E-4	0.012901787	0.35641938	-0.33264312	0.6890625	1.2402236	3.1378803	3.8916736	4.439071	2.9705908	0.15275627	2.1802337	32.416004
2020-07-24 21:33:02	1	3659.94	-81	-81	3200	4096	-0.42627144	0.0889896	0.08175427	0.09235602	1.5256132E-4	5.132316E-4	0.012967648	0.42627144	-0.4159161	0.8421875	1.2330066	3.7433085	4.6155243	5.2140574	3.0520453	0.13808188	1.676126	33.074863
2020-07-25 03:31:02	1	3660.072	-73	-74	3200	4096	-0.43662682	0.08941692	0.08015335	0.09207868	1.12179834E-4	4.94485E-4	0.01303654	0.36006433	-0.4055607	0.765625	1.2400012	3.1535442	3.9103985	4.4921927	2.9095678	0.14617491	2.0999775	31.09828
2020-07-25 09:28:45	1	3660.0	-75	-75	3200	4096	-0.4357296	0.08787094	0.07911257	0.090424426	1.00213154E-4	4.6779495E-4	0.012514062	0.3591671	-0.40645793	0.765625	1.2371246	3.2106829	3.9720144	4.53995	2.9871628	0.1387248	1.6958991	29.780556
2020-07-25 15:26:34	1	3660.072	-75	-76	3200	4096	-0.46425363	0.08878127	0.069357045	0.087368965	4.901001E-5	4.7163127E-4	0.012571377	0.46425363	-0.3779339	0.8421875	1.2833179	4.140606	5.3137136	6.6936765	2.9842618	0.13348949	1.7688466	31.493595
2020-07-25 21:24:27	1	3660.072	-73	-75	3200	4096	-0.48436624	0.08666007	0.08023018	0.091299005	-5.9894535E-7	4.669629E-4	0.012654685	0.40780374	-0.3578213	0.765625	1.2321388	3.6251462	4.4666834	5.082922	2.9159472	0.13636297	1.7884836	31.230053
2020-07-26 03:22:14	1	3660.324	-73	-74	3200	4096	-0.48988038	0.08823174	0.080335744	0.09085809	2.676257E-5	4.6030624E-4	0.012496074	0.4133179	-0.35230714	0.765625	1.2303344	3.6974082	4.549049	5.1448817	2.9478116	0.13834819	1.8912579	30.044102
2020-07-26 09:19:56	1	3659.928	-103	-103	3200	4096	-0.4904972	0.08895899	0.08203591	0.092642926	1.5368868E-4	4.958445E-4	0.012951791	0.4139347	-0.35169032	0.765625	1.2284364	3.637198	4.468066	5.045775	2.9558735	0.15132566	2.2007244	29.385239
2020-07-26 15:17:31	1	3659.748	-81	-81	3200	4096	-0.55150795	0.08675869	0.074348174	0.08755028	-1.0367784E-6	4.6646956E-4	0.012195317	0.47494546	-0.3672421	0.8421875	1.2613598	4.3007793	5.4248304	6.388125	3.1364408	0.13111027	1.6928064	28.067516
2020-07-26 21:14:53	1	3659.592	-75	-76	3200	4096	-0.6252106	0.085438505	0.072874576	0.08691489	1.6410684E-5	4.4401968E-4	0.012105896	0.39552307	-0.37010193	0.765625	1.2659142	3.5947886	4.550694	5.427449	3.0297606	0.13151087	1.7519287	27.145107
2020-07-27 03:12:11	1	3659.34	-77	-79	3200	4096	-0.7246334	0.08700806	0.07820953	0.08819505	-4.121903E-5	4.514878E-4	0.011902331	0.41838342	-0.42380407	0.8421875	1.2370061	3.8349388	4.7438426	5.3495197	3.186999	0.123814285	1.5446393	26.749792
2020-07-27 09:09:23	1	3659.556	-75	-76	3200	4096	-1.0518932	0.087068245	0.07712447	0.08948973	6.876833E-5	4.7375946E-4	0.01255082	0.3628307	-0.32623184	0.68906254	1.2518804	3.2386796	4.0544395	4.7044826	3.007556	0.14186203	1.9255761	26.486246
2020-07-27 15:06:46	1	3659.472	-101	-101	3200	4096	-0.9835178	0.08638543	0.07157457	0.08609428	-4.6693916E-5	4.375795E-4	0.012015279	0.37101784	-0.39460722	0.76562506	1.2731884	3.38476	4.309437	5.183655	3.0310228	0.15378533	2.1064258	27.013336
2020-07-27 21:04:00	1	3659.052	-75	-75	3200	4096	-1.0123596	0.08826339	0.07711775	0.090133764	-7.938625E-5	4.8867724E-4	0.012786854	0.3998596	-0.44232786	0.84218746	1.2545685	3.5361094	4.436291	5.185053	2.9887853	0.15420568	2.2712123	27.013336
2020-07-28 03:01:15	1	3659.052	-73	-73	3200	4096	-1.0737816	0.0870889	0.06495075	0.08567672	3.0049841E-5	4.415193E-4	0.012263818	0.38471904	-0.3809059	0.76562494	1.2925578	3.4740083	4.490357	5.923243	2.9356096	0.14010933	1.9655669	26.486246
2020-07-28 08:58:29	1	3658.704	-73	-74	3200	4096	-1.0743797	0.08747625	0.06597109	0.086169414	1.27562935E-5	4.502787E-4	0.012398566	0.3853172	-0.38030773	0.76562494	1.2922084	3.4604506	4.471624	5.840698	2.929129	0.14032233	1.9011437	26.486246
2020-07-28 14:55:48	1	3659.724	-73	-73	3200	4096	-1.0090138	0.08799796	0.075489275	0.0893796	4.2984924E-5	4.618927E-4	0.01261353	0.39651376	-0.3691113	0.76562506	1.2565504	3.5305302	4.436289	5.2525835	2.9031389	0.1358499	1.7866564	28.594604
2020-07-28 20:52:50	1	3659.688	-99	-99	3200	4096	-1.0090138	0.08600793	0.07389702	0.087455705	-1.3242173E-5	4.455014E-4	0.012141264	0.39651376	-0.4456737	0.84218746	1.2599225	3.5985396	4.533881	5.365761	3.0221865	0.1327213	1.6302166	28.594604
2020-07-29 02:50:15	1	3659.808	-73	-74	3200	4096	8.912746	13.342015	12.304314	16.807142	181173.78	2.6755312E7	1311.063	147.81068	-8.912746	156.72343	2.1543581	4.082198	8.794517	12.012917	15.565495	117.55434	2040.4288	27.145107
2020-07-29 08:47:27	1	3659.124	-73	-73	3200	4096	-1.0755761	0.086180344	0.06645176	0.08467396	2.902469E-5	4.1452626E-4	0.011787214	0.46307603	-0.37911144	0.84218746	1.2821999	4.2652717	5.4689302	6.968604	2.983525	0.14156762	1.7859839	26.61802
2020-07-29 14:44:50	1	3659.676	-77	-77	3200	4096	-1.0113316	0.08723569	0.07584422	0.08885703	3.3923618E-5	4.5659524E-4	0.01241012	0.39883155	-0.44335592	0.84218746	1.2537074	3.5801525	4.488464	5.2585626	2.964691	0.12416544	1.5617588	28.858149
2020-07-29 20:42:33	1	3659.784	-75	-75	3200	4096	-1.0107521	0.08593185	0.07546189	0.0884117	-6.510865E-5	4.400499E-4	0.012220838	0.32168958	-0.44393536	0.76562494	1.2503762	2.9099565	3.6385405	4.262941	2.946456	0.14643389	1.9824004	30.044102
2020-07-30 02:40:17	1	3660.048	-97	-98	3200	4096	-1.0094998	0.08725354	0.07528541	0.08897069	4.3450662E-5	4.6092446E-4	0.012499799	0.39699975	-0.3686253	0.76562506	1.2566217	3.5509021	4.462141	5.273262	2.9500115	0.12806922	1.587621	28.989922
2020-07-30 08:38:06	1	3659.544	-99	-99	3200	4096	-1.0033875	0.08638795	0.069126554	0.0851465	1.1431541E-4	4.1726718E-4	0.011861643	0.39088744	-0.37473762	0.76562506	1.2791033	3.5890484	4.5907636	5.654664	2.9656818	0.14842016	2.1536098	28.199286
2020-07-30 14:35:27	1	3659.688	-79	-80	3200	4096	-1.0128644	0.086447775	0.07515074	0.08719838	1.4659606E-5	3.955603E-4	0.011743288	0.3238018	-0.36526075	0.68906254	1.2427577	2.988026	3.7133923	4.3086967	2.8683574	0.13933155	1.9823138	31.230053
2020-07-30 20:33:35	1	3660.156	-77	-77	3200	4096	-1.0149391	0.08786632	0.078182064	0.09036803	-2.6130972E-5	4.9238524E-4	0.012692254	0.40243912	-0.36318594	0.76562506	1.2466787	3.5721593	4.453335	5.147461	3.0565221	0.13345307	1.7137727	31.888914
2020-07-31 02:31:29	1	3659.82	-73	-73	3200	4096	-1.0112381	0.085483916	0.073061295	0.08578447	6.2991E-5	4.0923763E-4	0.011650325	0.3987381	-0.36688697	0.76562506	1.2582308	3.6941855	4.648138	5.457583	3.0150845	0.13285932	1.6102341	30.702963
2020-07-31 08:29:12	1	3660.276	-71	-71	3200	4096	-1.0079483	0.08718397	0.074383624	0.088458456	-1.2217336E-5	4.2878324E-4	0.012348213	0.31888577	-0.37017676	0.68906254	1.2562114	2.8696775	3.6049213	4.2870426	2.812092	0.1290858	1.5561006	29.385239
2020-07-31 14:26:55	1	3659.772	-69	-69	3200	4096	-1.0123409	0.08723736	0.076724716	0.08914013	3.314749E-5	4.2471243E-4	0.012247963	0.39984092	-0.36578414	0.76562506	1.2415341	3.6128948	4.4855323	5.2113705	2.8311784	0.15029222	1.962215	30.834734
2020-07-31 20:24:48	1	3660.264	-67	-67	3200	4096	-1.0026772	0.086408086	0.07072449	0.08683798	-1.0773346E-4	4.5834837E-4	0.012264733	0.39017716	-0.4520103	0.84218746	1.2753204	3.5231636	4.4931626	5.5168605	3.0470495	0.13103431	1.6222287	29.912329
2020-08-01 02:22:20	1	3659.928	-65	-66	3200	4096	-1.0018361	0.088129126	0.06828251	0.08550898	5.4792607E-5	4.521024E-4	0.012163357	0.38933602	-0.37628904	0.76562506	1.2897781	3.530188	4.5531597	5.7018414	3.0558348	0.16882223	2.5250697	28.331059
2020-08-01 08:19:48	1	3659.4	-69	-69	3200	4096	-0.9993313	0.087872446	0.06714157	0.086302236	2.2878123E-5	4.6832534E-4	0.0124616735	0.4633938	-0.37879378	0.8421876	1.2934991	4.151089	5.3694296	6.901742	3.0157473	0.13427466	1.633598	27.935743
2020-08-01 14:17:16	1	3659.976	-67	-68	3200	4096	-0.88902974	0.08655371	0.07784401	0.0879539	-1.09618915E-4	4.2841618E-4	0.011759106	0.4296547	-0.48909536	0.91875005	1.232912	3.9621634	4.884999	5.519432	3.0982556	0.13062488	1.5515764	29.385239
2020-08-01 20:14:59	1	3660.252	-67	-68	3200	4096	-0.8593842	0.08787654	0.07719635	0.09008625	-1.8458415E-5	4.7498124E-4	0.012698731	0.40000916	-0.36561584	0.765625	1.2508973	3.5496845	4.440291	5.1817102	2.945478	0.14181882	1.8893276	29.51701
2020-08-02 02:12:36	1	3659.724	-67	-67	3200	4096	-0.8476456	0.08755283	0.0661677	0.084458426	-4.1910618E-5	4.4415478E-4	0.012071655	0.38827056	-0.37735444	0.765625	1.3008896	3.533874	4.59718	5.8679776	3.0479	0.12914245	1.6848743	28.331059
2020-08-02 08:10:06	1	3659.064	-67	-67	3200	4096	-0.83846784	0.08601097	0.06586621	0.08516835	-3.4842683E-6	4.5337118E-4	0.01221784	0.37909278	-0.38653222	0.765625	1.2978336	3.4296381	4.4510994	5.755497	3.0371416	0.14403486	1.8893557	27.540424
2020-08-02 14:07:35	1	3659.976	-95	-96	3200	4096	-0.84407544	0.08593629	0.06430208	0.085193165	-1.2260205E-5	4.5064135E-4	0.012208076	0.4612629	-0.3809246	0.8421875	1.296937	4.1746964	5.4143186	7.1733747	3.023685	0.15515813	2.2824872	30.57119
2020-08-02 20:05:35	1	3660.12	-67	-68	3200	4096	-0.8453278	0.086337164	0.06483962	0.08452779	-1.9401268E-6	4.2513566E-4	0.012002856	0.38595277	-0.37967223	0.765625	1.2961128	3.5228314	4.5659866	5.9524217	2.9509263	0.13298461	1.70591	32.15246
2020-08-03 02:03:29	1	3660.216	-67	-68	3200	4096	-0.8361687	0.08677604	0.067875914	0.08515678	-1.7987517E-5	4.5466566E-4	0.012076668	0.37679368	-0.38883132	0.765625	1.2904891	3.4287043	4.4247055	5.551213	3.1174383	0.13357902	1.755346	29.51701
2020-08-03 08:00:56	1	3659.592	-67	-68	3200	4096	-0.83186954	0.08645895	0.0706023	0.085610464	-4.5310077E-5	4.2631623E-4	0.011877634	0.37249452	-0.469693	0.8421875	1.2730285	3.417865	4.3510394	5.2759542	3.0218437	0.14043969	1.8273485	27.935743
2020-08-03 13:58:30	1	3659.304	-69	-69	3200	4096	-0.82977605	0.08679856	0.07330805	0.087444544	-4.4591747E-5	4.4269604E-4	0.012210724	0.370401	-0.395224	0.765625	1.2636825	3.3519802	4.235839	5.0526648	2.9690862	0.12348108	1.5185161	30.834734
2020-08-03 19:56:34	1	3660.228	-71	-72	3200	4096	-0.8555897	0.08936441	0.0768555	0.09055784	4.5929396E-6	4.7742852E-4	0.012816269	0.39621466	-0.36941034	0.765625	1.2501287	3.4998524	4.375266	5.155319	2.906599	0.13602763	1.7362372	32.416004
2020-08-04 01:54:39	1	3659.952	-97	-97	3200	4096	-0.8581692	0.08751772	0.076225	0.08917202	4.2656793E-6	4.5542314E-4	0.0124199055	0.39879417	-0.44339335	0.8421875	1.2497712	3.5784063	4.4721894	5.231803	2.9524226	0.14433855	2.0415876	30.834734
2020-08-04 07:52:20	1	3659.844	-69	-70	3200	4096	-0.85271114	0.085333176	0.071855165	0.08672502	-4.248886E-5	4.3443503E-4	0.012086583	0.39333612	-0.37228888	0.765625	1.2676734	3.577767	4.5354395	5.4740133	2.973841	0.12741916	1.6020713	29.121695
2020-08-04 13:50:02	1	3660.036	-69	-70	3200	4096	-0.8493466	0.08656562	0.068755396	0.08527332	-4.6572445E-6	4.4246222E-4	0.011974345	0.46653408	-0.45221597	0.91875005	1.2832544	4.263414	5.471044	6.785417	3.0858347	0.13196349	1.8277388	31.361826
2020-08-04 19:47:41	1	3659.904	-69	-69	3200	4096	-0.8592907	0.08806962	0.075375356	0.08760332	-3.505539E-5	4.077149E-4	0.011859015	0.3999157	-0.44227183	0.8421875	1.2430933	3.6723506	4.5650744	5.305656	2.8990746	0.13205735	1.6619639	32.416004
2020-08-05 01:45:44	1	3660.156	-69	-69	3200	4096	-0.8582814	0.08815977	0.07610804	0.08936647	-2.7678363E-5	4.896897E-4	0.012636699	0.39890632	-0.4432812	0.8421875	1.2578887	3.5485759	4.4637136	5.2413163	3.066576	0.15108797	2.023904	31.493595
2020-08-05 07:43:40	1	3660.348	-95	-96	3200	4096	-0.85170174	0.08673805	0.07316617	0.08822455	-3.4083234E-5	4.6196455E-4	0.0124302395	0.39232674	-0.37329826	0.765625	1.2637182	3.51891	4.446911	5.362133	2.989852	0.15762115	2.318246	30.307644
2020-08-05 13:41:26	1	3660.18	-77	-78	3200	4096	-0.8535523	0.08865516	0.07396012	0.088587895	-3.6913738E-5	4.6417423E-4	0.012513246	0.39417726	-0.37144774	0.765625	1.2627304	3.5237617	4.449561	5.3295918	2.964429	0.13502957	1.6349779	30.307644
2020-08-05 19:39:13	1	3659.772	-75	-75	3200	4096	-0.8862633	0.08584513	0.07995541	0.089802295	3.2173215E-5	4.0446018E-4	0.011990588	0.35032582	-0.3387367	0.68906254	1.2193625	3.1992774	3.9010787	4.381515	2.8131623	0.13996255	1.8952992	29.385239
2020-08-06 01:36:16	1	3659.76	-77	-78	3200	4096	-0.88173985	0.086356	0.08015052	0.09035791	2.2721957E-5	4.6553672E-4	0.012394637	0.34580234	-0.41982272	0.76562506	1.2321136	3.1060684	3.8270292	4.314411	3.0303047	0.13661905	1.8329624	28.462831
2020-08-06 07:33:46	1	3659.352	-97	-98	3200	4096	-0.88009495	0.08801084	0.081869476	0.09202171	5.035431E-6	4.8495183E-4	0.012705232	0.34415746	-0.49803013	0.8421876	1.224901	3.0532746	3.739959	4.2037334	3.0042315	0.13882522	1.7588181	27.935743
2020-08-06 13:31:21	1	3659.64	-77	-79	3200	4096	-0.8885998	0.08585515	0.07830166	0.08844927	2.42092E-5	4.161199E-4	0.011834976	0.35266232	-0.41296273	0.76562506	1.2299557	3.241719	3.9871705	4.503893	2.9708705	0.12653583	1.6425265	29.648783
2020-08-06 19:29:04	1	3660.036	-71	-72	3200	4096	-0.8962448	0.0884119	0.07929258	0.09067242	5.8092937E-5	4.6779306E-4	0.012550941	0.5134323	-0.3287552	0.8421875	1.2355574	4.5829496	5.6624975	6.4751625	2.9696224	0.14246011	1.8035922	30.834734
2020-08-07 01:26:47	1	3659.82	-73	-73	3200	4096	0.0	0.04338137	0.0	0.0	0.0	0.0	0.0	0.0	0.0	0.0	0.0	0.0	0.0	0.0	0.0	0.07414523	1.0038826	29.912329
2020-08-07 07:24:33	1	3659.7	-95	-96	3200	4096	-0.88798296	0.088285536	0.08262259	0.09312849	-6.185604E-5	4.8615184E-4	0.012978063	0.42860794	-0.41357958	0.8421875	1.2232702	3.762316	4.6023293	5.1875396	2.8863711	0.15097137	2.1237857	28.594604
2020-08-07 13:22:07	1	3659.472	-101	-102	3200	4096	-0.8956093	0.08802174	0.077321045	0.08870987	-1.97445E-5	4.4309095E-4	0.012164154	0.35967183	-0.3293907	0.68906254	1.2432802	3.26111	4.0544734	4.6516676	2.9945326	0.13283998	1.6822218	30.044102
2020-08-07 19:20:02	1	3660.096	-69	-74	3200	4096	-0.8986935	0.08676909	0.07505686	0.08676188	6.0686732E-5	4.1697407E-4	0.011726371	0.362756	-0.40286905	0.76562506	1.24811	3.3499074	4.181053	4.8330827	3.0323672	0.13774484	1.8525604	31.625368
2020-08-08 01:17:50	1	3659.904	-73	-74	3200	4096	-0.8937962	0.08734743	0.0784368	0.08942802	-1.0804913E-5	4.464235E-4	0.012244392	0.3578587	-0.40776637	0.76562506	1.2373569	3.234022	4.0016394	4.5623827	2.9776425	0.14236687	1.9541554	30.044102
2020-08-08 07:15:28	1	3659.844	-71	-71	3200	4096	-0.8917961	0.08729917	0.07929859	0.08988615	8.586928E-6	4.453192E-4	0.012247908	0.35585865	-0.4097664	0.76562506	1.2312272	3.2154856	3.958993	4.4875784	2.9685721	0.15812756	2.3112335	28.462831
2020-08-08 13:12:09	1	3659.376	-103	-103	3200	4096	-0.89310455	0.08624709	0.07804913	0.0888494	7.105878E-5	4.326509E-4	0.012047683	0.43372956	-0.40845796	0.8421875	1.2353706	3.9515479	4.881626	5.557135	2.9807844	0.13325399	1.8678586	29.780556
2020-08-08 19:09:55	1	3659.724	-99	-99	3200	4096	-0.8972355	0.08771445	0.07779734	0.08932218	-2.2204375E-5	4.184939E-4	0.012186684	0.36129802	-0.3277645	0.68906254	1.2359004	3.2728252	4.044886	4.6440926	2.817851	0.13229401	1.5021981	31.230053
2020-08-09 01:07:45	1	3659.376	-77	-77	3200	4096	-0.8950672	0.08822448	0.08010259	0.09178417	-5.830616E-5	5.072878E-4	0.012978833	0.43569222	-0.48305783	0.91875005	1.2412236	3.8243883	4.7469206	5.4391775	3.0115018	0.13424478	1.6576433	30.044102
2020-08-09 07:05:24	1	3659.268	-77	-77	3200	4096	-0.8906933	0.08717157	0.078641556	0.089478426	2.3035267E-5	4.4503232E-4	0.012274538	0.35475582	-0.33430672	0.68906254	1.2381814	3.2020414	3.964708	4.511048	2.953801	0.14769334	2.0817728	28.331059
2020-08-09 13:02:51	1	3659.16	-67	-68	3200	4096	-0.8827492	0.086126894	0.08086324	0.09086476	-3.0225667E-5	4.4766604E-4	0.012356706	0.42337418	-0.41881335	0.8421875	1.2233645	3.808667	4.659388	5.2356815	2.9318972	0.1340568	1.7949421	29.51701
2020-08-09 19:00:55	1	3659.484	-69	-70	3200	4096	-0.8909924	0.08732836	0.08009992	0.09097851	-5.885223E-5	4.8083224E-4	0.012643283	0.43161735	-0.41057017	0.8421875	1.2359221	3.8385656	4.7441683	5.388487	3.0079725	0.13672471	1.8558636	32.67955
2020-08-10 00:58:53	1	3659.928	-67	-67	3200	4096	-0.88902974	0.087760344	0.07906499	0.089538544	-7.797954E-5	4.6802976E-4	0.012274305	0.4296547	-0.48909536	0.91875005	1.2373383	3.8781188	4.798545	5.4341965	3.1065593	0.1526807	2.2358954	29.51701
2020-08-10 06:56:20	1	3658.224	-67	-68	3200	4096	-0.88454366	0.088145345	0.08017221	0.090419985	5.4382335E-6	4.5557934E-4	0.01238251	0.4251686	-0.3404564	0.765625	1.2306652	3.8208222	4.7021527	5.3031917	2.9713008	0.14093581	1.8811452	27.145107
2020-08-10 12:53:36	1	3658.116	-97	-98	3200	4096	-0.87815094	0.087062255	0.07949575	0.08935869	-1.00617115E-4	4.1716403E-4	0.011978721	0.34221348	-0.34684905	0.68906254	1.2248093	3.1267407	3.829661	4.304802	2.9072735	0.1365908	1.6766828	27.80397
2020-08-10 18:51:22	1	3659.532	-71	-72	3200	4096	0.0	0.0	0.0	0.0	0.0	0.0	0.0	0.0	0.0	0.0	0.0	0.0	0.0	0.0	0.0	0.0	0.0	31.493595
2020-08-11 00:49:14	1	3659.676	-69	-69	3200	4096	0.0	0.0	0.0	0.0	0.0	0.0	0.0	0.0	0.0	0.0	0.0	0.0	0.0	0.0	0.0	0.0	0.0	29.51701
2020-08-11 06:46:57	1	3658.464	-67	-68	3200	4096	-0.38105547	4.245813	0.58819073	1.0667788	12989.476	2027096.6	83.53815	156.33887	-0.9970696	157.33594	8.567775	17.105057	146.55228	265.7962	290.47232	20.10499	287.6807	28.594604
2020-08-11 12:44:29	1	3659.076	-69	-69	3200	4096	0.0	0.0	0.0	0.0	0.0	0.0	0.0	0.0	0.0	0.0	0.0	0.0	0.0	0.0	0.0	0.0	0.0	29.253468
2020-08-11 18:42:19	1	3659.532	-91	-70	3200	4096	0.0	0.0	0.0	0.0	0.0	0.0	0.0	0.0	0.0	0.0	0.0	0.0	0.0	0.0	0.0	0.0	0.0	31.888914
2020-08-12 00:40:17	1	3659.52	-91	-68	3200	4096	0.0	0.0	0.0	0.0	0.0	0.0	0.0	0.0	0.0	0.0	0.0	0.0	0.0	0.0	0.0	0.0	0.0	30.307644
2020-08-12 06:37:55	1	3658.932	-67	-68	3200	4096	0.0	0.007057682	0.0	0.0	0.0	0.0	0.0	0.0	0.0	0.0	0.0	0.0	0.0	0.0	0.0	0.011364719	0.15177129	29.121695
2020-08-12 12:35:39	1	3658.968	-69	-69	3200	4096	0.0	1.6395477	0.0	0.0	0.0	0.0	0.0	0.0	0.0	0.0	0.0	0.0	0.0	0.0	0.0	3.0858798	40.46424	30.044102
2020-08-12 18:33:21	1	3658.248	-65	-65	3200	4096	0.0	0.0	0.0	0.0	0.0	0.0	0.0	0.0	0.0	0.0	0.0	0.0	0.0	0.0	0.0	0.0	0.0	29.121695
2020-08-13 00:30:49	1	3658.056	-67	-68	3200	4096	0.0	0.0	0.0	0.0	0.0	0.0	0.0	0.0	0.0	0.0	0.0	0.0	0.0	0.0	0.0	0.0	0.0	27.27688
2020-08-13 06:28:07	1	3657.708	-65	-66	3200	4096	0.0	0.042331688	0.0	0.0	0.0	0.0	0.0	0.0	0.0	0.0	0.0	0.0	0.0	0.0	0.0	0.07698461	1.1036894	26.749792
2020-08-13 12:25:29	1	3657.48	-63	-64	3200	4096	0.0	0.043245196	0.0	0.0	0.0	0.0	0.0	0.0	0.0	0.0	0.0	0.0	0.0	0.0	0.0	0.068058856	0.74158263	27.80397
2020-08-13 18:23:11	1	3658.896	-65	-65	3200	4096	0.0	0.0	0.0	0.0	0.0	0.0	0.0	0.0	0.0	0.0	0.0	0.0	0.0	0.0	0.0	0.0	0.0	30.966507
2020-08-14 00:20:31	1	3658.32	-65	-66	3200	4096	0.0	0.0	0.0	0.0	0.0	0.0	0.0	0.0	0.0	0.0	0.0	0.0	0.0	0.0	0.0	0.0	0.0	29.121695
2020-08-14 06:18:08	1	3658.02	-65	-65	3200	4096	0.0	0.04395094	0.0	0.0	0.0	0.0	0.0	0.0	0.0	0.0	0.0	0.0	0.0	0.0	0.0	0.06625667	0.7720154	28.331059
2020-08-14 12:15:39	1	3658.02	-65	-66	3200	4096	0.0	0.0	0.0	0.0	0.0	0.0	0.0	0.0	0.0	0.0	0.0	0.0	0.0	0.0	0.0	0.0	0.0	28.858149
2020-08-14 18:12:58	1	3658.92	-69	-69	3200	4096	0.0	10.322646	0.0	0.0	0.0	0.0	0.0	0.0	0.0	0.0	0.0	0.0	0.0	0.0	0.0	77.0034	1058.4156	31.09828
2020-08-15 00:11:00	1	3658.944	-67	-67	3200	4096	-0.9119835	0.08783764	0.06947336	0.08649826	3.332065E-5	4.6174106E-4	0.012344742	0.4526085	-0.38957903	0.8421875	1.2844986	4.073631	5.2325735	6.5148497	3.0299432	0.13935043	1.9022489	30.044102
2020-08-15 06:08:43	1	3658.572	-67	-67	3200	4096	-0.9128807	0.08699052	0.06954123	0.08703104	6.3024876E-5	4.7456005E-4	0.0124762915	0.4535057	-0.38868183	0.8421875	1.2834195	4.0601306	5.2108502	6.521393	3.0487382	0.140519	1.8513857	29.385239
2020-08-15 12:06:27	1	3658.224	-73	-73	3200	4096	-0.9021515	0.08851156	0.07550438	0.08825027	-5.4142372E-5	4.557077E-4	0.012243817	0.366214	-0.39941105	0.76562506	1.2538407	3.309608	4.149721	4.8502355	3.0398538	0.15174876	2.0845315	29.912329
2020-08-15 18:04:15	1	3658.308	-69	-70	3200	4096	-0.89673084	0.08671056	0.07738341	0.088970736	-3.256351E-5	4.355009E-4	0.012197629	0.36079335	-0.4048317	0.76562506	1.2413393	3.2667868	4.055191	4.662412	2.9271045	0.1380763	1.8451766	29.253468
2020-08-16 00:02:09	1	3658.368	-71	-71	3200	4096	-0.8937588	0.087271646	0.079408474	0.090240836	-4.134987E-5	4.430668E-4	0.012319805	0.35782132	-0.40780374	0.76562506	1.2299821	3.2237716	3.9651818	4.506085	2.9191842	0.13244843	1.623868	28.199286
2020-08-16 05:59:16	1	3657.504	-73	-74	3200	4096	-0.8939457	0.08586326	0.07842	0.08946311	-8.753958E-5	4.4902836E-4	0.012254695	0.35800824	-0.40761682	0.76562506	1.237392	3.2340128	4.0017414	4.5652666	2.989983	0.14437304	1.9910746	27.540424
2020-08-16 11:56:43	1	3657.252	-75	-76	3200	4096	-0.8894036	0.08643256	0.080354095	0.09092031	-5.7190184E-5	4.6284782E-4	0.012516777	0.35346606	-0.33559647	0.68906254	1.2305106	3.159377	3.887647	4.3988557	2.9542904	0.12821567	1.5912288	27.80397
2020-08-16 17:54:16	1	3657.492	-71	-72	3200	4096	-0.888768	0.086630784	0.079270266	0.08961734	-4.421179E-5	4.482407E-4	0.012195713	0.35283053	-0.41279453	0.76562506	1.2322861	3.194939	3.9370787	4.450982	3.0136783	0.14133103	1.9228394	28.331059
2020-08-16 23:51:43	1	3657.396	-73	-74	3200	4096	-0.885796	0.08493851	0.07926159	0.0891807	-1.7031616E-5	4.108602E-4	0.011918506	0.34985852	-0.41576654	0.76562506	1.2241652	3.2046568	3.9230294	4.4139724	2.8923476	0.13928548	1.9202989	27.408653
2020-08-17 05:49:01	1	3656.292	-75	-75	3200	4096	-0.9599846	0.086884394	0.08099613	0.09105872	-3.0049874E-5	4.6610332E-4	0.01245336	0.4240471	-0.34157795	0.76562506	1.2255236	3.7998884	4.656853	5.2353997	3.0054474	0.13515165	1.7662344	26.749792
2020-08-17 11:46:19	1	3656.712	-75	-76	3200	4096	-0.9180584	0.08799693	0.06682624	0.09055353	2.215831E-5	5.580874E-4	0.013771067	0.38212094	-0.38350412	0.76562506	1.2959207	3.2562447	4.219835	5.7181273	2.9428425	0.16142908	2.4323552	26.881563
2020-08-17 17:43:41	1	3656.544	-91	-74	3200	4096	-0.8871418	0.086379126	0.079662025	0.089577794	-9.63085E-6	4.139004E-4	0.011962462	0.4277668	-0.3378582	0.765625	1.2209839	3.9110808	4.7753663	5.3697705	2.8923757	0.1502592	2.231356	27.672197
2020-08-17 23:41:09	1	3656.58	-73	-74	3200	4096	-0.88493615	0.08787603	0.0818989	0.09224879	9.5441836E-5	4.8806975E-4	0.012802765	0.42556113	-0.4166264	0.8421875	1.2265668	3.7610583	4.613189	5.1961765	2.9776547	0.14442414	1.8775963	27.540424
2020-08-18 05:38:34	1	3656.592	-71	-71	3200	4096	-0.88067436	0.08753124	0.08154897	0.091702536	4.8216592E-5	4.5030162E-4	0.01257653	0.42129937	-0.34432563	0.765625	1.2229229	3.7567334	4.5941954	5.166213	2.8469632	0.13795623	1.874586	27.27688
2020-08-18 11:35:54	1	3656.436	-69	-69	3200	4096	-0.8841137	0.086898424	0.08035939	0.09035012	5.4870827E-5	4.2552096E-4	0.0122055095	0.4247387	-0.3408863	0.765625	1.2227825	3.8445354	4.7010307	5.285489	2.856335	0.14483403	1.831041	27.408653
2020-08-18 17:33:22	1	3656.592	-71	-72	3200	4096	-0.87745935	0.087543875	0.079957254	0.0899437	-2.9009103E-5	4.6194647E-4	0.012218325	0.41808432	-0.5006657	0.91875005	1.2289525	3.782318	4.648289	5.228848	3.0943415	0.14514792	1.9443245	27.27688
2020-08-18 23:30:55	1	3656.148	-69	-70	3200	4096	-0.9483208	0.08709516	0.081317656	0.09179414	-1.2703031E-5	4.622228E-4	0.012635223	0.4123833	-0.35324177	0.76562506	1.2245499	3.6686783	4.4924793	5.0712643	2.8952467	0.13879819	1.7591828	26.354473
2020-08-19 05:27:47	1	3655.524	-71	-71	3200	4096	-0.94443285	0.08722836	0.077405386	0.088192515	3.117537E-5	4.2442628E-4	0.011908376	0.40849537	-0.3571297	0.76562506	1.2373557	3.7433536	4.63186	5.277351	2.9929342	0.13648057	1.7951777	26.09093
2020-08-19 11:24:59	1	3655.248	-71	-71	3200	4096	-0.9461338	0.08692722	0.07914832	0.08940364	8.420401E-5	4.1292002E-4	0.011979827	0.3336338	-0.35542873	0.68906254	1.22425	3.0482094	3.73177	4.2152987	2.8771658	0.13831729	1.7319428	26.2227
2020-08-19 17:22:21	1	3655.872	-71	-72	3200	4096	-0.87566495	0.08836248	0.07957932	0.089714356	1.3653703E-4	4.7459413E-4	0.012241514	0.5694149	-0.3493351	0.91875005	1.2332628	5.1464915	6.3469768	7.1553125	3.1670291	0.15194356	2.079062	27.408653
2020-08-19 23:19:38	1	3655.884	-67	-100	3200	4096	-0.94746095	0.08712122	0.0799053	0.09045065	-2.9254581E-5	4.5445753E-4	0.012376215	0.41152346	-0.3541016	0.76562506	1.2299352	3.699139	4.5497017	5.15014	2.9670002	0.14629343	1.9964535	26.354473
2020-08-20 05:16:46	1	3654.696	-69	-70	3200	4096	-0.9438347	0.08833706	0.0792935	0.09036594	1.9423986E-5	4.7080131E-4	0.012485426	0.48445967	-0.35772786	0.8421875	1.236508	4.3356676	5.3610873	6.1097026	3.020167	0.15193343	2.1992216	25.432068
2020-08-20 11:13:53	1	3655.272	-71	-72	3200	4096	-0.94751704	0.088579476	0.07855703	0.08872476	8.74536E-5	4.3593507E-4	0.011916469	0.41157955	-0.3540455	0.76562506	1.2303509	3.7703354	4.638835	5.2392454	3.069917	0.15567473	2.2987328	25.695612
2020-08-20 17:11:05	1	3655.68	-73	-100	3200	4096	-0.8789547	0.088273704	0.08090102	0.09120131	1.2371031E-4	4.8303214E-4	0.012620076	0.41957968	-0.34604532	0.765625	1.2317708	3.7349389	4.6005883	5.186334	3.0328584	0.1348739	1.6465218	27.935743
2020-08-20 23:08:33	1	3655.896	-73	-73	3200	4096	-1.2487015	0.08690287	0.07764423	0.08844385	-2.328647E-5	4.279848E-4	0.011914639	0.406514	-0.43567353	0.8421875	1.2341638	3.7242177	4.5962944	5.235598	3.0148559	0.13154915	1.595777	27.27688
2020-08-21 05:05:51	1	3654.792	-71	-71	3200	4096	-1.3085533	0.08560679	0.06833214	0.08464452	-6.7711924E-5	4.17157E-4	0.01174918	0.31324083	-0.3758217	0.68906254	1.2805748	2.8898454	3.7006629	4.5840917	3.0219302	0.14058207	1.8756477	25.959158
2020-08-21 11:02:53	1	3654.576	-73	-74	3200	4096	-1.3094319	0.08549667	0.06899202	0.084906295	-3.4215867E-5	4.373357E-4	0.011817697	0.39068183	-0.52806824	0.91875005	1.2803437	3.5938237	4.6013293	5.6627107	3.1314766	0.14008932	1.6933621	25.695612
2020-08-21 17:00:09	1	3656.076	-75	-75	3200	4096	-0.14671364	0.092108846	0.07385328	0.09174413	5.4642096E-5	5.93515E-4	0.013864967	0.45296365	-0.38922384	0.8421875	1.2834563	3.8468382	4.937249	6.1332912	3.087408	0.15018931	2.0161324	28.726377
2020-08-21 22:57:42	1	3655.704	-73	-74	3200	4096	-0.149181	0.09071806	0.06968468	0.08915625	6.312852E-5	5.222512E-4	0.013226483	0.3788685	-0.46331903	0.8421875	1.2899426	3.294324	4.249489	5.4368987	2.9853184	0.1361039	1.7739167	27.80397
2020-08-22 04:55:05	1	3654.816	-73	-74	3200	4096	-0.21759377	0.09208581	0.07676135	0.09191942	8.7669774E-5	5.3426536E-4	0.013513664	0.37071878	-0.39490625	0.765625	1.264676	3.1890259	4.0330844	4.829498	2.9255724	0.14762087	1.9513597	26.486246
2020-08-22 10:52:17	1	3654.768	-73	-73	3200	4096	-0.24430466	0.091032445	0.07612321	0.08991824	-7.948941E-5	5.0593057E-4	0.012858075	0.39742967	-0.44475788	0.8421875	1.2610729	3.504873	4.4199004	5.220874	3.060124	0.14624172	1.9640776	26.2227
2020-08-22 16:49:40	1	3655.728	-73	-74	3200	4096	-0.18596688	0.0906249	0.08306699	0.09368264	-1.0168934E-5	5.117874E-4	0.013208158	0.33909187	-0.42653313	0.765625	1.2267668	2.9505043	3.6195807	4.0821495	2.9336283	0.15504557	2.1838164	28.199286
2020-08-22 22:47:07	1	3655.632	-71	-71	3200	4096	-0.18385468	0.09033275	0.082894936	0.09360152	-3.1141848E-5	4.8144927E-4	0.0131034395	0.3369797	-0.35208282	0.6890625	1.222953	2.9438188	3.600152	4.0651417	2.8040125	0.15478821	2.0045922	27.80397
2020-08-23 04:44:31	1	3654.864	-71	-72	3200	4096	-0.25789377	0.09135944	0.08087002	0.09206204	-2.4473113E-5	5.302842E-4	0.013053235	0.48758128	-0.43116876	0.91875005	1.2410191	4.2676415	5.2962246	6.029197	3.1122348	0.14897372	1.9824479	26.61802
2020-08-23 10:41:43	1	3654.696	-75	-76	3200	4096	-0.25763208	0.08851266	0.0806311	0.09141736	6.4414885E-6	4.6944554E-4	0.012647184	0.41075706	-0.43143046	0.8421875	1.2301788	3.6524825	4.4932065	5.094276	2.934929	0.14319104	1.975794	26.486246
2020-08-23 16:39:08	1	3655.392	-75	-76	3200	4096	-0.19054642	0.08849617	0.08125554	0.09147622	7.0586575E-5	4.7770017E-4	0.012627354	0.42023394	-0.34539106	0.765625	1.2284231	3.7396843	4.593915	5.171757	2.9959233	0.15422565	2.0160155	28.462831
2020-08-23 22:36:08	1	3654.912	-69	-69	3200	4096	-0.19127542	0.09098846	0.083375774	0.09366506	-6.706722E-5	4.9327535E-4	0.013077444	0.3444004	-0.4212246	0.765625	1.2209104	3.0116343	3.676936	4.130701	2.8843215	0.16248724	2.3231156	27.80397
2020-08-24 04:33:30	1	3654.504	-69	-70	3200	4096	-0.2568844	0.09037566	0.082188815	0.09344709	8.365537E-5	5.5375654E-4	0.013352445	0.41000938	-0.5087406	0.91875	1.2365584	3.5482433	4.3876104	4.988628	3.10597	0.13866727	1.7748966	26.486246
2020-08-24 10:30:37	1	3654.3	-71	-71	3200	4096	-0.25533295	0.089208245	0.08041102	0.09161655	-6.487178E-5	4.7483336E-4	0.012768962	0.33189544	-0.4337296	0.76562506	1.2333999	2.9371324	3.6226585	4.1274877	2.9122593	0.15917985	2.4020274	25.827385
2020-08-24 16:27:55	1	3655.968	-71	-71	3200	4096	-0.18710709	0.09134412	0.08328351	0.09370438	1.1459438E-4	4.933487E-4	0.013107636	0.4167946	-0.3488304	0.765625	1.2218062	3.6404905	4.4479737	5.0045276	2.8714764	0.1529473	2.1231267	28.594604
2020-08-24 22:25:27	1	3655.5	-69	-70	3200	4096	-0.18815385	0.09113317	0.083000675	0.09371591	6.677083E-5	5.2960485E-4	0.013315896	0.34127885	-0.42434618	0.765625	1.2313225	2.9574962	3.6416316	4.1117597	2.9868345	0.14324361	1.8851253	28.726377
2020-08-25 04:22:30	1	3654.936	-75	-75	3200	4096	-0.18987352	0.09025636	0.0833738	0.093958035	1.3341385E-4	5.23208E-4	0.01329264	0.49612352	-0.4226265	0.91875005	1.2270766	4.3031273	5.2802672	5.950593	2.961092	0.14489764	2.0154696	27.408653
2020-08-25 10:19:47	1	3654.36	-79	-80	3200	4096	-0.26073495	0.08970255	0.083189435	0.09404	1.7388153E-5	5.171942E-4	0.013317078	0.49042246	-0.35176507	0.8421875	1.2271336	4.2497745	5.215041	5.8952494	2.916324	0.15603626	2.2166831	26.749792
2020-08-25 16:17:09	1	3655.824	-77	-77	3200	4096	-0.18824731	0.09017658	0.08338634	0.09427346	6.843551E-5	5.311146E-4	0.013485366	0.4179348	-0.42425272	0.8421875	1.2318048	3.5989614	4.433218	5.0120296	2.9205372	0.15346405	2.113586	29.51701
2020-08-25 22:14:53	1	3656.112	-77	-78	3200	4096	-0.19260255	0.09079483	0.08356459	0.09406232	4.6543017E-5	5.1758584E-4	0.013273523	0.42229006	-0.34333494	0.765625	1.2248346	3.6653695	4.489471	5.0534573	2.937717	0.1480444	2.0471268	29.780556
2020-08-26 04:12:36	1	3655.308	-75	-76	3200	4096	-0.19187355	0.09110057	0.08348289	0.094171524	1.1218996E-5	5.368504E-4	0.013414985	0.42156106	-0.34406394	0.765625	1.2299161	3.6396985	4.476524	5.04967	2.9831355	0.13205317	1.520283	28.594604
2020-08-26 10:10:03	1	3654.492	-79	-79	3200	4096	-0.18553697	0.091952585	0.08263316	0.09332851	1.6682116E-5	5.289872E-4	0.01319471	0.49178696	-0.42696306	0.91875005	1.2307945	4.281314	5.2694182	5.951448	3.0384037	0.13686547	1.7548451	27.672197
2020-08-26 16:06:34	1	3655.032	-77	-78	3200	4096	-0.18667717	0.0897456	0.08166614	0.09196922	4.166704E-5	5.03687E-4	0.012743115	0.56948966	-0.3492603	0.91875	1.2274259	5.0448475	6.1921763	6.9733877	3.1017694	0.1353094	1.7027565	28.858149
2020-08-26 22:04:10	1	3655.2	-101	-101	3200	4096	-0.18312569	0.09027146	0.08292917	0.09372417	7.10886E-5	5.054183E-4	0.013217835	0.41281322	-0.35281178	0.765625	1.2266724	3.5906527	4.4045544	4.977901	2.8928792	0.13800529	1.7100452	28.594604
2020-08-27 04:01:39	1	3654.636	-75	-76	3200	4096	-0.17850876	0.09042616	0.07966333	0.09084375	-1.6504928E-5	5.014791E-4	0.0127021745	0.40819627	-0.43399125	0.8421875	1.2406348	3.6218462	4.4933887	5.1240172	3.1081123	0.14151496	1.8057048	27.540424
2020-08-27 09:58:57	1	3654.252	-81	-81	3200	4096	-0.18258363	0.08986732	0.08237791	0.09345505	1.17774965E-4	5.1452784E-4	0.013262946	0.41227114	-0.35335386	0.765625	1.2323022	3.5798342	4.411438	5.004632	2.9250202	0.14742613	2.0697339	27.27688
2020-08-27 15:56:25	1	3655.32	-83	-83	3200	4096	-0.18792954	0.08808396	0.0817963	0.092301294	6.5058007E-6	4.8622742E-4	0.012876468	0.41761705	-0.34800795	0.765625	1.2293925	3.6802714	4.5244985	5.1055737	2.9325538	0.14189485	1.8619823	29.51701
2020-08-27 21:54:07	1	3655.2	-79	-80	3200	4096	-0.19006044	0.09080506	0.082790114	0.09350105	2.5126392E-6	5.388365E-4	0.013298903	0.41974795	-0.42243958	0.8421875	1.2333645	3.6398263	4.4892325	5.070025	3.04667	0.15572342	2.2219303	29.385239
2020-08-28 03:51:42	1	3654.72	-77	-77	3200	4096	-0.18549958	0.09045711	0.08320291	0.0942821	1.1989464E-4	5.6762114E-4	0.013615015	0.4151871	-0.3504379	0.765625	1.2375987	3.5582361	4.4036684	4.9900546	3.0621207	0.1609118	2.3905482	27.935743
2020-08-28 09:49:02	1	3653.964	-79	-80	3200	4096	-0.22120133	0.09048907	0.07523258	0.0923631	7.141981E-5	6.071321E-4	0.013998634	0.52745134	-0.4678612	0.9953126	1.2809858	4.457995	5.7106285	7.010943	3.0982172	0.17591289	2.3275337	26.881563
2020-08-28 15:46:31	1	3655.272	-75	-77	3200	4096	-0.1849575	0.088917986	0.08146164	0.091775194	4.0746432E-5	4.5944296E-4	0.012623716	0.41464502	-0.35097998	0.765625	1.2242448	3.69048	4.518051	5.090065	2.883083	0.14586267	1.9622837	29.648783
2020-08-28 21:44:13	1	3655.2	-75	-75	3200	4096	-0.19118196	0.09051652	0.08235282	0.09289932	3.9495073E-5	5.3179945E-4	0.01311462	0.49743196	-0.42131805	0.91875005	1.2327224	4.34366	5.354527	6.0402546	3.0919788	0.13882455	1.7743496	29.912329
2020-08-29 03:41:51	1	3654.528	-73	-100	3200	4096	-0.18639679	0.08972219	0.08358886	0.09433894	1.0565759E-5	5.4289814E-4	0.013447352	0.41608432	-0.4261032	0.8421875	1.2292137	3.5880868	4.410526	4.9777484	3.002236	0.14575201	1.8515831	28.462831
2020-08-29 09:39:24	1	3654.252	-81	-100	3200	4096	-0.17822838	0.09091392	0.08158356	0.09316142	-1.1196532E-4	5.241482E-4	0.013290204	0.4079159	-0.43427163	0.8421875	1.237456	3.5383828	4.3785925	4.9999766	2.9675007	0.14805575	1.9502792	27.80397
2020-08-29 15:36:57	1	3654.864	-75	-76	3200	4096	-0.18295747	0.09052558	0.08311293	0.09403848	1.6494555E-6	5.27006E-4	0.013355269	0.41264498	-0.42954254	0.8421875	1.2289119	3.5706742	4.388044	4.964871	2.9546788	0.13991708	1.8640376	29.51701
2020-08-29 21:34:40	1	3654.78	-75	-75	3200	4096	-0.18564911	0.08985743	0.08173302	0.09229961	-4.9137343E-5	4.9325044E-4	0.012895482	0.41533664	-0.35028836	0.765625	1.2303224	3.6574757	4.499874	5.081626	2.9661448	0.14664377	2.0722408	29.780556
2020-08-30 03:32:23	1	3654.684	-75	-75	3200	4096	-0.182621	0.09002958	0.08156235	0.09265239	4.9642036E-5	5.071478E-4	0.013109045	0.4123085	-0.429879	0.8421875	1.2357452	3.6011133	4.4500585	5.055133	2.951158	0.14901508	2.0914614	28.726377
2020-08-30 09:29:51	1	3653.664	-73	-76	3200	4096	-0.17671433	0.08968605	0.08172427	0.093747824	2.5593872E-5	5.650678E-4	0.013602922	0.40640184	-0.43578568	0.8421875	1.2440989	3.4844928	4.3350534	4.9728413	3.0537689	0.139144	1.8256441	27.80397
2020-08-30 15:27:26	1	3654.456	-83	-84	3200	4096	-0.18125649	0.09096809	0.0819366	0.09298108	2.760591E-5	4.8734937E-4	0.013063172	0.4875065	-0.354681	0.8421875	1.2292204	4.2653637	5.243072	5.949802	2.8559008	0.13438815	1.5523112	29.121695
2020-08-30 21:25:10	1	3654.324	-81	-82	3200	4096	-0.19419137	0.09097694	0.08286547	0.093447156	4.2753647E-5	5.197132E-4	0.013195641	0.42387888	-0.34174612	0.765625	1.2292753	3.6900012	4.536028	5.1152654	2.984714	0.14807162	2.0150917	29.51701
2020-08-31 03:22:45	1	3653.316	-81	-81	3200	4096	-0.18643418	0.09040409	0.08240809	0.093119726	6.907954E-5	5.266653E-4	0.0131700905	0.4161217	-0.3495033	0.765625	1.2324029	3.6259847	4.468674	5.049525	3.0363874	0.13633099	1.6230363	28.067516
2020-08-31 09:20:07	1	3652.476	-73	-73	3200	4096	-0.23402405	0.090578556	0.073620066	0.093172915	1.1120548E-4	5.8318255E-4	0.014235025	0.38714907	-0.37847596	0.765625	1.2805291	3.2448833	4.1551676	5.258744	2.8779814	0.16524228	2.3310714	26.881563
2020-08-31 15:17:24	1	3652.44	-75	-100	3200	4096	-0.18574257	0.08914172	0.083217055	0.093750395	4.7836456E-5	4.8488364E-4	0.013119802	0.4154301	-0.42675743	0.8421875	1.221773	3.6268895	4.4312353	4.992127	2.816975	0.13320518	1.6491963	27.27688
2020-08-31 21:14:47	1	3652.584	-71	-71	3200	4096	-0.1868454	0.08956723	0.08176836	0.09243546	-7.3384384E-5	5.1830517E-4	0.013028038	0.4165329	-0.42565462	0.8421875	1.2348121	3.6493022	4.5062027	5.0940595	3.053708	0.14824057	2.1059551	27.145107
2020-09-01 03:12:09	1	3651.624	-75	-75	3200	4096	-0.25628623	0.089081764	0.07956564	0.090530485	-7.747719E-5	4.7277432E-4	0.012520234	0.40941125	-0.4327763	0.8421875	1.2359798	3.6589253	4.522358	5.145579	3.0159836	0.13425541	1.6245023	26.354473
2020-09-01 09:09:17	1	3650.784	-73	-74	3200	4096	-0.25645447	0.08962627	0.08169015	0.09265231	7.9002995E-5	4.9740204E-4	0.012973504	0.4095795	-0.43260807	0.8421875	1.2293411	3.595916	4.420607	5.0138173	2.9552417	0.14586446	2.2252283	25.695612
2020-09-01 15:06:38	1	3652.416	-73	-75	3200	4096	-0.1858921	0.09240213	0.083676845	0.09442275	1.128188E-5	5.236148E-4	0.013407694	0.33901712	-0.4266079	0.765625	1.2263104	2.9278214	3.5904176	4.051504	2.9127533	0.15680018	2.0580752	28.331059
2020-09-01 21:04:07	1	3652.5	-73	-73	3200	4096	-0.18632203	0.09028208	0.082096994	0.09290984	5.5466116E-5	5.375467E-4	0.013200447	0.41600955	-0.34961545	0.765625	1.2366096	3.620837	4.4775615	5.067293	3.0848844	0.13992059	1.7285765	28.067516
2020-09-02 03:01:29	1	3651.456	-91	-72	3200	4096	-0.23574372	0.09040755	0.073483065	0.092150256	1.611939E-4	6.2106573E-4	0.014142736	0.38886872	-0.37675628	0.765625	1.2905362	3.2699137	4.219942	5.29195	3.105065	0.16054451	2.0832827	26.881563
2020-09-02 08:58:47	1	3650.94	-75	-76	3200	4096	-0.2601368	0.08779076	0.08046222	0.09106997	6.5467524E-5	4.60853E-4	0.012581064	0.3366993	-0.3523632	0.68906254	1.2316393	3.0018122	3.6971498	4.184564	2.9115727	0.15361387	2.1053479	26.09093
2020-09-02 14:56:29	1	3651.936	-73	-73	3200	4096	-0.18413506	0.09100133	0.08273686	0.09348954	-5.5693738E-5	5.2198366E-4	0.013210635	0.41382256	-0.42836496	0.8421875	1.2294159	3.600413	4.426405	5.001672	2.9909525	0.1398596	1.6802564	27.935743
2020-09-02 20:53:32	1	3652.668	-73	-73	3200	4096	-0.18884546	0.0911063	0.08150961	0.09205793	-5.3922795E-5	5.18938E-4	0.012939242	0.41853297	-0.42365456	0.8421875	1.2356435	3.6793852	4.5464087	5.134768	3.099544	0.13282199	1.6248887	27.80397
2020-09-03 02:50:54	1	3651.444	-73	-73	3200	4096	-0.25770685	0.08849079	0.0813406	0.09221382	1.0075563E-4	4.8307813E-4	0.012854803	0.41083184	-0.35479316	0.765625	1.2295232	3.623526	4.4552093	5.05076	2.9233882	0.14308977	1.9573704	26.61802
2020-09-03 08:48:07	1	3650.004	-75	-77	3200	4096	-0.25232354	0.09091656	0.081378	0.093325034	4.482185E-5	5.2651763E-4	0.013353611	0.40544856	-0.436739	0.8421875	1.2382298	3.5086203	4.344478	4.982287	2.9526737	0.149319	1.9842877	25.695612
2020-09-03 14:45:14	1	3651.624	-75	-76	3200	4096	-0.18114434	0.08997485	0.081665054	0.092514634	6.041579E-5	5.111034E-4	0.012969292	0.48739433	-0.43135568	0.91875005	1.2309706	4.279789	5.268295	5.9682117	3.038619	0.13815826	1.7580832	27.408653
2020-09-03 20:42:42	1	3651.816	-71	-71	3200	4096	-0.19792977	0.08934662	0.08310732	0.09356041	-3.5339042E-5	4.816589E-4	0.0130291805	0.42761728	-0.41457024	0.8421875	1.2200185	3.7462494	4.5704937	5.1453624	2.8373008	0.1425836	1.925942	27.540424
2020-09-04 02:40:00	1	3649.74	-71	-72	3200	4096	-0.26452944	0.08919218	0.0824184	0.092856094	6.6777364E-5	5.091594E-4	0.012999801	0.41765442	-0.4245331	0.8421875	1.2278856	3.6630998	4.4978676	5.0674906	3.0128698	0.15734045	2.2353845	25.959158
2020-09-04 08:37:06	1	3649.248	-69	-70	3200	4096	-0.2584919	0.09059432	0.08325207	0.094226755	1.1199541E-4	5.3983356E-4	0.013434156	0.41161692	-0.43057063	0.8421875	1.2300732	3.5513053	4.3683653	4.944224	2.9911563	0.1449342	1.8154831	25.036749
2020-09-04 14:34:09	1	3650.952	-99	-99	3200	4096	-0.20639725	0.091578156	0.08327237	0.0955476	-6.6263805E-5	5.819166E-4	0.01404055	0.35952225	-0.40610275	0.765625	1.2401444	3.0341268	3.7627554	4.3174253	2.9518378	0.15790787	2.1446319	27.013336
2020-09-04 20:31:37	1	3652.272	-71	-72	3200	4096	-0.19690171	0.089071035	0.08049242	0.09070858	3.806594E-5	4.5593493E-4	0.012397538	0.42658922	-0.33903578	0.765625	1.2274939	3.8312647	4.702854	5.2997437	2.9664152	0.14899072	1.9187903	28.331059
2020-09-05 02:29:04	1	3650.628	-71	-100	3200	4096	-0.25249177	0.09201345	0.08263781	0.095234476	1.7026618E-4	6.1071146E-4	0.014128783	0.48217928	-0.43657076	0.91875005	1.2481253	4.056544	5.063075	5.834851	3.0593317	0.17899671	2.4730868	26.881563
2020-09-05 08:26:19	1	3648.972	-69	-69	3200	4096	-0.2620247	0.09069967	0.08433906	0.09512542	1.2717239E-6	5.0769397E-4	0.013511532	0.3385872	-0.3504753	0.68906254	1.2219564	2.9128509	3.5593765	4.014595	2.7809477	0.14130056	1.7675622	25.432068
2020-09-05 14:23:24	1	3651.192	-67	-67	3200	4096	-0.19006044	0.090477586	0.084873	0.09567063	-1.3366764E-5	5.3760025E-4	0.013731097	0.34318542	-0.34587705	0.6890625	1.2248248	2.928709	3.5871553	4.043517	2.8513398	0.14298514	1.8654709	27.408653
2020-09-05 20:21:01	1	3652.296	-71	-71	3200	4096	-0.19931298	0.089772396	0.082821965	0.09363214	-2.2286311E-5	5.2277517E-4	0.013261096	0.4290005	-0.41318703	0.8421875	1.2298857	3.7253587	4.581765	5.179791	2.9727347	0.13277489	1.7159773	28.594604
2020-09-06 02:18:04	1	3651.624	-69	-70	3200	4096	-0.1997242	0.09028241	0.081260234	0.092011385	1.8675652E-4	4.883837E-4	0.01283654	0.35284922	-0.3362133	0.6890625	1.2313526	3.1143339	3.834843	4.3422127	2.9639113	0.15147077	2.2684214	27.540424
2020-09-06 08:15:24	1	3650.472	-73	-73	3200	4096	-0.27127725	0.09046227	0.08203205	0.09236094	4.616532E-6	4.7757122E-4	0.012806053	0.42440224	-0.34122276	0.765625	1.2252347	3.7503347	4.5950403	5.1736155	2.9121084	0.15105462	2.1464348	26.486246
2020-09-06 14:12:44	1	3651.444	-73	-73	3200	4096	-0.19703256	0.09038542	0.08342466	0.09412713	1.10964706E-4	5.094688E-4	0.013303406	0.35015756	-0.33890495	0.6890625	1.2253681	3.0358624	3.7200491	4.197291	2.8786705	0.14444503	1.8994553	28.067516
2020-09-06 20:10:22	1	3652.692	-75	-76	3200	4096	-0.20854683	0.090300545	0.081007086	0.09318588	5.8362006E-5	5.431194E-4	0.013396176	0.43823436	-0.40395316	0.8421875	1.2420535	3.7863085	4.702798	5.4098277	3.026451	0.126777	1.4473547	29.51701
2020-09-07 02:08:00	1	3651.888	-71	-72	3200	4096	-0.20093918	0.08979563	0.082266174	0.093491085	5.7407833E-5	5.2129384E-4	0.013338637	0.3540642	-0.3349983	0.6890625	1.2353373	3.0656762	3.787144	4.3038855	2.9299467	0.14315167	1.8290426	28.199286
2020-09-07 08:05:22	1	3650.268	-73	-74	3200	4096	-0.27727738	0.09011339	0.08275262	0.09397254	-1.5058034E-5	5.492108E-4	0.013480249	0.4304024	-0.48834762	0.91875	1.2355149	3.7070267	4.5800867	5.201072	3.0223393	0.15071954	1.9413456	26.749792
2020-09-07 14:02:39	1	3650.58	-91	-76	3200	4096	-0.20045319	0.09071261	0.08184841	0.09287903	5.4474767E-5	5.3579453E-4	0.013198831	0.4301407	-0.41204682	0.8421875	1.2369441	3.74406	4.631193	5.2553334	3.075582	0.13767675	1.7058246	27.80397
2020-09-07 20:00:18	1	3651.804	-101	-101	3200	4096	-0.20336914	0.09071259	0.08305326	0.09462717	1.14677925E-4	5.6994235E-4	0.013692837	0.43305665	-0.40913087	0.8421875	1.2366047	3.7008202	4.576452	5.2142043	3.039793	0.14238375	1.8983923	28.989922
2020-09-08 01:57:45	1	3650.628	-101	-101	3200	4096	-0.19953728	0.09126106	0.08181056	0.09235558	3.0097905E-5	4.8285976E-4	0.012831028	0.3526623	-0.3364002	0.6890625	1.2265002	3.1133525	3.8185272	4.3107185	2.932906	0.13747197	1.6108295	27.408653
2020-09-08 07:55:07	1	3649.128	-99	-100	3200	4096	-0.26909027	0.089129835	0.08117856	0.09153816	2.0625696E-6	4.942789E-4	0.012727013	0.42221528	-0.41997227	0.8421875	1.2324265	3.7425766	4.612451	5.201069	3.0515401	0.13873024	1.8709774	26.354473
2020-09-08 13:52:23	1	3650.736	-73	-73	3200	4096	-0.1931633	0.09019339	0.08242316	0.09291575	2.219472E-6	5.243392E-4	0.013068649	0.42285082	-0.49589923	0.91875005	1.2303424	3.6988935	4.5509057	5.130243	3.0700886	0.14035429	1.8679767	27.80397
2020-09-08 19:49:58	1	3651.54	-75	-75	3200	4096	-0.20245324	0.09177189	0.08108062	0.09234577	-2.5016348E-5	5.2320387E-4	0.013092811	0.43214074	-0.4866093	0.91875005	1.2390803	3.7766676	4.6795945	5.329766	3.0521445	0.15470167	2.3468473	28.726377
2020-09-09 01:46:59	1	3650.4	-71	-71	3200	4096	-0.19454652	0.09122386	0.083258405	0.09387861	3.8511203E-5	5.4632337E-4	0.013330923	0.42423403	-0.49451602	0.91875005	1.229882	3.6743064	4.5189633	5.09539	3.07418	0.13970366	1.8391699	27.672197
2020-09-09 07:44:22	1	3648.804	-81	-82	3200	4096	-0.2699688	0.091472775	0.08362744	0.09408696	4.2901684E-5	4.995171E-4	0.013225158	0.4230938	-0.41909373	0.8421875	1.2222809	3.6790545	4.496838	5.05927	2.8559368	0.15322633	2.1169136	26.354473
2020-09-09 13:41:42	1	3649.332	-91	-91	3200	4096	-0.19370538	0.09105273	0.08230215	0.092925824	-2.4174751E-6	5.2852224E-4	0.013146592	0.4233929	-0.41879463	0.8421875	1.2338723	3.6926398	4.556246	5.144372	3.0579956	0.14141244	1.7746391	27.540424
2020-09-09 19:39:17	1	3651.516	-83	-83	3200	4096	-0.20107003	0.090626016	0.08131403	0.09246211	4.814651E-5	5.410957E-4	0.013150081	0.43075755	-0.41142997	0.8421875	1.2402248	3.7563727	4.6587467	5.2974567	3.1290839	0.14959256	2.0321496	29.121695
2020-09-10 01:36:55	1	3650.832	-77	-78	3200	4096	-0.19602318	0.08996431	0.08215852	0.09268225	7.9010424E-5	4.99274E-4	0.012973141	0.34914818	-0.41647682	0.765625	1.2289268	3.0654006	3.7671528	4.2496896	2.9665296	0.14592297	2.007221	27.672197
2020-09-10 07:34:13	1	3648.372	-73	-74	3200	4096	-0.27009964	0.08916511	0.08218752	0.09263333	2.1855141E-5	5.050458E-4	0.01295557	0.42322466	-0.4189629	0.8421875	1.2287428	3.7182853	4.568816	5.1495004	3.0089695	0.14225072	1.7884614	26.2227
2020-09-10 13:31:26	1	3648.264	-71	-72	3200	4096	-0.26746407	0.09028037	0.08289408	0.09340401	6.5322434E-5	5.0689775E-4	0.013140175	0.4205891	-0.34503594	0.765625	1.2272557	3.669082	4.502902	5.073813	2.935743	0.1453422	1.8266824	26.61802
