2020-05-23 10:01:50	5	3600.052	-83	-83	102400	4096	-3.6763976	0.021225149	0.12328217	0.13645779	2.7420121E-4	9.986265E-4	0.02399964	0.43087864	-0.38524604	0.8161247	1.1352828	2.7813303	3.1575966	3.4950604	1.7337785	0.0011254492	1.5674156E-4	23.028
2020-05-23 10:11:47	5	3599.345	-81	-82	102400	4096	-3.4041765	0.021778896	0.1289186	0.1427036	3.1017038E-4	0.0011892501	0.026236156	0.38638067	-0.4866922	0.87307286	1.1350505	2.3854225	2.707575	2.99709	1.7277179	0.0011127557	1.520299E-4	23.004
2020-05-23 10:31:45	5	3597.9792	-51	-50	102400	4096	-3.7795663	0.021703903	0.1222019	0.13638586	2.5221234E-4	0.0010189741	0.024136199	0.3631224	-0.45302826	0.81615067	1.1391085	2.3373222	2.6624637	2.9714954	1.7491434	0.0012829879	2.0009054E-4	23.24
2020-05-23 10:41:44	5	3596.9375	-51	-52	102400	4096	-3.6719708	0.02269577	0.12526874	0.13876346	2.8728208E-4	0.0010886126	0.024875902	0.38833654	-0.48476827	0.8731048	1.1366173	2.4621747	2.7985504	3.1000276	1.7592019	0.0012483463	1.837696E-4	23.184
2020-05-23 10:53:51	5	3535.1794	-51	-50	102400	4096	-3.7486458	0.02277025	0.1275076	0.14105223	2.1579229E-4	0.001137995	0.025577491	0.3668586	-0.526085	0.8929436	1.1338328	2.293875	2.6008706	2.877151	1.7395003	0.0012868943	1.9564878E-4	23.692
2020-05-23 11:01:32	5	3581.4983	-51	-52	102400	4096	-3.6907008	0.022644257	0.12955648	0.14325356	1.6494094E-4	0.0012740777	0.026504366	0.3683174	-0.52397984	0.89229727	1.1364577	2.2623696	2.5710874	2.84291	1.8136818	0.0011936733	1.619705E-4	23.192
2020-05-23 11:20:56	5	3585.767	-51	-51	102400	4096	-3.6149862	0.022630207	0.1268978	0.14017639	2.7462436E-4	0.0011111714	0.02525621	0.31180522	-0.48551443	0.79731965	1.133729	1.9620013	2.2243776	2.4571366	1.7419865	0.0012024854	1.7629332E-4	23.256
2020-05-23 11:31:36	5	3586.723	-51	-49	102400	4096	-3.5608838	0.021392861	0.12582174	0.1390173	2.9908726E-4	0.00107522	0.02486434	0.40961957	-0.53955626	0.94917583	1.1342783	2.5977194	2.9465368	3.255555	1.7391757	0.0013151184	1.9607203E-4	23.132
2020-05-23 11:40:50	5	3585.5715	-51	-52	102400	4096	-3.5751987	0.02389635	0.12904401	0.14268807	2.4110412E-4	0.0012090235	0.026202941	0.36692706	-0.52531445	0.8922415	1.1344553	2.2667556	2.571533	2.8434255	1.7608998	0.0012122595	1.69441E-4	23.384
2020-05-23 12:00:27	5	3583.423	-51	-51	102400	4096	-3.7834325	0.023436867	0.12608719	0.13948737	1.5048735E-4	0.0011363362	0.025152082	0.38520992	-0.5070609	0.8922708	1.136978	2.4289048	2.7616115	3.0551074	1.7962179	0.0012690071	1.7335618E-4	23.648
2020-05-23 12:10:27	5	3585.5962	-51	-51	102400	4096	-3.7007337	0.020624788	0.12610722	0.14058366	2.8101442E-4	0.0011100608	0.025480362	0.32160845	-0.41876182	0.7403703	1.1354498	2.0147662	2.287666	2.550278	1.7097619	0.0010228875	1.3844782E-4	23.524
2020-05-23 12:20:24	5	3586.249	-51	-51	102400	4096	-3.7110317	0.022119125	0.123356566	0.13683587	2.936493E-4	0.001007713	0.024168564	0.4078751	-0.370455	0.7783301	1.1361233	2.623625	2.9807615	3.3064725	1.725183	0.0012269703	1.8022326E-4	23.488
2020-05-23 12:40:13	5	3589.4087	-51	-51	102400	4096	-3.6706429	0.022879642	0.12493296	0.13781045	3.5225117E-4	0.0010506428	0.024436727	0.38662967	-0.4486107	0.83524036	1.1343298	2.473282	2.8055177	3.094697	1.7594179	0.0012669886	1.7934226E-4	23.432
2020-05-23 12:50:30	5	3550.5457	-51	-51	102400	4096	-3.7632766	0.025317388	0.12483178	0.13911065	1.628676E-4	0.001169365	0.025157522	0.36331505	-0.54840666	0.9117217	1.1401802	2.290601	2.6116982	2.910437	1.8476273	0.001346123	1.830038E-4	23.944
2020-05-23 13:00:08	5	3580.4143	-51	-49	102400	4096	-3.7337344	0.02199916	0.12344844	0.1365288	2.1786884E-4	0.0010144192	0.024065807	0.35433936	-0.42406058	0.77839994	1.1362553	2.2841213	2.595345	2.870343	1.7515261	0.0011690015	1.6229216E-4	23.36
2020-05-23 13:09:52	5	3585.7192	-51	-50	102400	4096	-3.5624173	0.021397263	0.12752868	0.14092898	3.5464426E-4	0.0011329007	0.025549594	0.35415295	-0.46215126	0.8163042	1.1342053	2.2156382	2.5129888	2.7770455	1.7354968	0.001325458	2.041281E-4	23.564
2020-05-23 13:19:46	5	3587.7466	-51	-50	102400	4096	-3.4198067	0.021671817	0.12773106	0.14173695	3.098802E-4	0.0011590814	0.025867209	0.36350834	-0.5476862	0.91119456	1.1347278	2.260162	2.5646687	2.8458886	1.7322667	0.0011601521	1.618189E-4	23.248
2020-05-23 13:30:16	5	3590.0823	-51	-48	102400	4096	-3.316587	0.02201346	0.13084824	0.14499292	3.2169913E-4	0.001271949	0.02706553	0.43124098	-0.5368684	0.96810937	1.1346488	2.62127	2.974221	3.2957337	1.7363474	0.0011811735	1.6912597E-4	23.176
2020-05-23 13:39:46	5	3588.8555	-51	-50	102400	4096	-3.263237	0.021004343	0.13280708	0.14739542	2.1401323E-4	0.0013942795	0.02804094	0.3778365	-0.53334254	0.91117907	1.136089	2.256356	2.563421	2.8450027	1.7732286	0.0012114882	1.8939763E-4	23.192
2020-05-23 13:50:21	5	3551.3313	-51	-120	102400	4096	-3.298889	0.021223312	0.12121888	0.13453543	2.246045E-4	9.933934E-4	0.023462422	0.39281237	-0.5188979	0.91171026	1.1385437	2.5644767	2.9197688	3.2405214	1.8045777	0.0011652368	1.6643577E-4	23.584
2020-05-23 13:59:37	5	3584.6404	-51	-51	102400	4096	-3.2741597	0.02166633	0.13200475	0.14626506	2.035878E-4	0.0013383456	0.027619114	0.35060397	-0.5416502	0.8922541	1.1362247	2.1096575	2.3970451	2.655995	1.7544814	0.0011290004	1.5342268E-4	23.36
2020-05-23 14:09:36	5	3588.5146	-51	-51	102400	4096	-3.1657715	0.022740066	0.13126275	0.14584045	1.8057693E-4	0.0013070201	0.027422287	0.41323695	-0.5738787	0.9871156	1.1354651	2.495441	2.8334863	3.1481662	1.7381006	0.0011583326	1.5615893E-4	23.124
2020-05-23 14:19:35	5	3590.9512	-51	-50	102400	4096	-3.0356781	0.021958884	0.12884693	0.14320065	2.546808E-4	0.0012193954	0.026453773	0.39714026	-0.49502707	0.8921673	1.135792	2.441744	2.7733133	3.0822644	1.7424861	0.0011397031	1.549176E-4	23.016
2020-05-23 14:29:37	5	3592.1492	-51	-50	102400	4096	-2.8935223	0.022790533	0.12750666	0.14101022	2.7106298E-4	0.0011626545	0.025630573	0.34994233	-0.5611905	0.9111328	1.1353468	2.1858346	2.4816804	2.7445023	1.7698401	0.0011669098	1.5591021E-4	23.008
2020-05-23 14:39:30	5	3592.6665	-51	-51	102400	4096	-2.7694964	0.021851692	0.12785771	0.14227286	2.204417E-4	0.0012076341	0.026176121	0.3588095	-0.5143528	0.87316227	1.1371837	2.2177434	2.5219815	2.8063188	1.7624824	0.0011486694	1.5923186E-4	23.0
2020-05-23 14:51:28	5	3534.9207	-51	-120	102400	4096	-2.8524203	0.026687643	0.12974004	0.14400792	1.9028159E-4	0.0012803845	0.026755089	0.42056358	-0.5483793	0.9689429	1.1358391	2.5711563	2.9204197	3.2415864	1.7886592	0.00139988	1.9516559E-4	23.164
2020-05-23 14:59:25	5	3580.095	-51	-51	102400	4096	-2.9517198	0.022494122	0.12617843	0.14027312	2.393666E-5	0.0012584174	0.0257126	0.3886828	-0.54160476	0.9302876	1.1431376	2.4239428	2.7709002	3.0804222	1.9034116	0.0011755418	1.6431703E-4	23.032
2020-05-23 15:09:36	5	3587.4058	-51	-49	102400	4096	-2.9371543	0.022613352	0.12901382	0.14341621	2.7591398E-4	0.0012577955	0.02667402	0.41237286	-0.5178098	0.9301827	1.1387961	2.5249097	2.8753574	3.1963463	1.7678	0.0011766194	1.6376252E-4	22.996
2020-05-23 15:19:23	5	3588.591	-51	-50	102400	4096	-2.9835155	0.022316618	0.13270564	0.14765729	2.126358E-4	0.0014012542	0.028226716	0.34488204	-0.5663006	0.91118264	1.1378245	2.0527706	2.3356926	2.59885	1.758718	0.0011438046	1.5300486E-4	23.052
2020-05-23 15:29:05	5	3589.783	-51	-51	102400	4096	-2.963913	0.021852762	0.13146295	0.14628665	2.2285579E-4	0.0013348397	0.027678784	0.34431046	-0.47194248	0.81625295	1.1372837	2.0695536	2.3536696	2.6190684	1.742349	0.0011928731	1.6764284E-4	23.068
2020-05-23 15:39:02	5	3591.2446	-51	-50	102400	4096	-2.9368746	0.02241014	0.12787862	0.14155175	3.0776145E-4	0.0011587251	0.025824623	0.3742775	-0.38501057	0.7592881	1.1352768	2.3290389	2.6441035	2.9268181	1.7374507	0.001415487	2.1670239E-4	23.012
2020-05-23 15:49:20	5	3552.8057	-51	-50	102400	4096	-3.1304398	0.022008715	0.12843661	0.14217415	1.874051E-4	0.0011562195	0.025933113	0.33839172	-0.44034272	0.77873445	1.1326785	2.101321	2.380121	2.6346984	1.719218	0.001266474	1.8335556E-4	23.576
2020-05-23 15:58:40	5	3587.7104	-51	-50	102400	4096	-3.0751815	0.023519302	0.13502789	0.1505367	3.0671735E-4	0.001483619	0.02920664	0.39854592	-0.5316325	0.9301784	1.135268	2.3320484	2.6475	2.9515824	1.7392387	0.0014815007	2.3641989E-4	23.076
2020-05-23 16:08:37	5	3590.4048	-51	-50	102400	4096	-3.1203182	0.021066701	0.13217655	0.14664017	1.8845078E-4	0.0013322888	0.027748669	0.38684613	-0.50532883	0.89217496	1.1359733	2.322294	2.638064	2.926738	1.7302706	0.0012307866	1.8795705E-4	23.044
2020-05-23 16:18:34	5	3592.849	-51	-50	102400	4096	-3.2039368	0.022906097	0.13235678	0.14640523	2.7688153E-4	0.0013193452	0.027512956	0.39464018	-0.53546476	0.930105	1.1329534	2.3792095	2.6955335	2.9816394	1.7429459	0.0011619324	1.5556146E-4	23.076
2020-05-23 16:29:08	5	3593.6484	-51	-49	102400	4096	-3.2855978	0.020529369	0.13173929	0.14716537	3.4501663E-4	0.0013451563	0.028007781	0.36244652	-0.49172094	0.85416746	1.1371918	2.1657314	2.462852	2.7512407	1.7148075	0.0011581675	1.6545516E-4	23.132
2020-05-23 16:38:29	5	3590.904	-51	-52	102400	4096	-3.4009786	0.022393392	0.12946177	0.14446652	2.7901132E-4	0.0013314742	0.027203904	0.40177512	-0.52835774	0.93013287	1.1416906	2.4359448	2.7810953	3.103427	1.7991619	0.0013847293	2.0266951E-4	23.292
2020-05-23 16:49:08	5	3548.4478	-51	-52	102400	4096	-3.603985	0.026272757	0.12575431	0.13967721	2.6998232E-4	0.0011399732	0.02534481	0.3368751	-0.47990212	0.8167772	1.1397746	2.1160426	2.4118116	2.6788354	1.7746657	0.0019002664	2.9181162E-4	23.936
2020-05-23 16:58:22	5	3586.6458	-51	-52	102400	4096	-3.7359943	0.024241114	0.12380412	0.13767771	1.2810454E-4	0.001093951	0.024667641	0.3569239	-0.49733534	0.85425925	1.1407754	2.2725415	2.5924597	2.8829727	1.7978053	0.0016000991	2.4648552E-4	23.968
2020-05-23 17:09:08	5	3588.5928	-51	-49	102400	4096	-3.9149976	0.02611224	0.13069992	0.14570683	2.105611E-4	0.0014181023	0.027789555	0.40314716	-0.5460015	0.94914865	1.1440918	2.4183702	2.7668378	3.084525	1.836303	0.0015436001	2.227676E-4	23.8
2020-05-23 17:18:34	5	3589.1685	-51	-52	102400	4096	-4.062103	0.022373838	0.123228796	0.13725057	1.1070923E-4	0.0010593376	0.02432117	0.34147277	-0.5507193	0.8921921	1.136261	2.1895952	2.4879518	2.7710469	1.7908758	0.0012007605	1.7203981E-4	23.94
2020-05-23 17:28:21	5	3590.635	-51	-52	102400	4096	-4.12952	0.023441093	0.124757744	0.13814574	2.8197345E-4	0.0010734001	0.024688262	0.33304444	-0.5021804	0.83522487	1.1373856	2.1196148	2.4108193	2.6695292	1.7610861	0.0012023242	1.7019588E-4	24.0
2020-05-23 17:38:22	5	3591.9375	-51	-52	102400	4096	-4.2204084	0.022346701	0.12394138	0.13755116	2.1225521E-4	0.001073203	0.024531042	0.3480806	-0.5061093	0.8541899	1.1386591	2.2223978	2.5305536	2.8084295	1.7834047	0.0011226252	1.5216444E-4	23.996
2020-05-23 17:58:02	5	3592.7957	-51	-51	102400	4096	-4.395841	0.02149301	0.1231663	0.13609108	1.7948559E-4	9.955878E-4	0.023862768	0.33374706	-0.46348652	0.7972336	1.1350912	2.1605136	2.4523802	2.709727	1.7483883	0.001140803	1.6362486E-4	24.128
2020-05-23 18:08:03	5	3594.0012	-51	-52	102400	4096	-4.8451734	0.022419596	0.122058995	0.13526432	1.2062053E-4	0.0010117409	0.023714473	0.38454458	-0.5455439	0.9300885	1.1384751	2.497123	2.8429122	3.1504815	1.7990462	0.0011705424	1.5744683E-4	24.64
2020-05-23 18:18:01	5	3596.0957	-51	-52	102400	4096	-5.2719655	0.021427065	0.12341852	0.13650602	1.4963819E-4	0.0010159783	0.023990575	0.31797945	-0.47921407	0.7971935	1.1346673	2.0529516	2.3294168	2.5764322	1.7652372	0.001070025	1.4238484E-4	24.952
2020-05-23 18:28:00	5	3596.6726	-51	-52	102400	4096	-5.792677	0.022314686	0.12498749	0.13872093	2.4513414E-4	0.0010716955	0.02481545	0.32625708	-0.52787083	0.8541279	1.1355835	2.0710895	2.351895	2.6103177	1.7403121	0.0010906113	1.434583E-4	25.008
2020-05-23 18:48:31	5	3554.147	-51	-51	102400	4096	-5.247764	0.020877205	0.11892374	0.13147321	2.0050515E-4	8.5805857E-4	0.022230621	0.34753802	-0.46916625	0.8167043	1.1340665	2.3309155	2.643413	2.9223602	1.7362558	0.0011122052	1.5238757E-4	25.008
2020-05-23 19:07:15	5	3592.702	-51	-52	102400	4096	-4.6877947	0.021054162	0.11650574	0.1303296	2.3364472E-4	8.5151667E-4	0.022030374	0.3789313	-0.4562671	0.8351984	1.1388537	2.5529926	2.907485	3.252469	1.7544839	0.0011238676	1.5807737E-4	24.484
2020-05-23 19:17:20	5	3595.543	-51	-52	102400	4096	-4.409841	0.021986458	0.12276358	0.13589354	1.9477736E-4	0.0010028433	0.023862464	0.40486047	-0.48724416	0.8921046	1.136734	2.6208835	2.9792473	3.2978873	1.7611749	0.0011798202	1.6588328E-4	24.32
2020-05-23 19:27:12	5	3596.1848	-51	-52	102400	4096	-4.1844473	0.021273186	0.1237259	0.13665017	2.2059085E-4	0.0010460457	0.0241066	0.36931393	-0.5417626	0.91107655	1.1362078	2.3786345	2.7026234	2.9849365	1.8000258	0.0010974162	1.5137806E-4	24.22
2020-05-23 19:37:14	5	3596.2368	-51	-52	102400	4096	-3.9954338	0.021271411	0.12580743	0.13939016	2.0618034E-4	0.0011270271	0.025159707	0.3701106	-0.52198446	0.8920951	1.1379435	2.3333437	2.6552134	2.941882	1.7804229	0.0011213326	1.5529459E-4	24.04
2020-05-23 19:47:52	5	3543.6626	-51	-52	102400	4096	-3.9179358	0.022337992	0.12054118	0.13408725	1.2108236E-4	9.822899E-4	0.023363538	0.4036285	-0.5271879	0.9308164	1.1399395	2.6406603	3.010193	3.34847	1.7995439	0.0011752845	1.6467759E-4	24.156
2020-05-23 19:57:34	5	3587.3875	-51	-50	102400	4096	-3.8136601	0.021400884	0.12371006	0.13734691	2.2565777E-4	0.0010281364	0.024303287	0.35869485	-0.5145382	0.8732331	1.1350465	2.300873	2.6115978	2.89948	1.7406869	0.001126262	1.6661927E-4	23.936
2020-05-23 20:07:03	5	3589.7605	-51	-51	102400	4096	-3.6572528	0.021773506	0.12479746	0.13908884	2.1409124E-4	0.0011567409	0.025271425	0.35427448	-0.53790903	0.89218354	1.1429378	2.2285635	2.5471094	2.8387954	1.8112426	0.0012338457	1.8768176E-4	23.876
2020-05-23 20:16:45	5	3592.0435	-51	-50	102400	4096	-3.5250015	0.023772962	0.12989639	0.14403313	2.7252315E-4	0.0012876532	0.026866155	0.35501286	-0.5371394	0.8921523	1.1379949	2.1659148	2.4648	2.7330465	1.7839714	0.001445921	2.0741715E-4	23.62
2020-05-23 20:26:41	5	3592.0906	-51	-52	102400	4096	-3.4524264	0.020985799	0.12694024	0.14082395	2.7907232E-4	0.0011274802	0.025498103	0.35836792	-0.4768381	0.83520603	1.133907	2.2442706	2.5447938	2.8231232	1.7341759	0.0011722465	1.7518223E-4	23.848
2020-05-23 20:37:16	5	3593.1191	-51	-50	102400	4096	-3.3384728	0.021877691	0.13439393	0.1486553	2.606529E-4	0.0014043802	0.02839094	0.43427944	-0.5148032	0.9490826	1.1334686	2.5773857	2.9213858	3.2313921	1.742309	0.0011562982	1.6687838E-4	23.28
2020-05-23 20:56:37	5	3584.6924	-51	-51	102400	4096	-3.3988235	0.020551246	0.1251994	0.13966973	2.2993945E-4	0.0011290524	0.02526268	0.38034967	-0.49291942	0.8732691	1.1379873	2.3930035	2.7232075	3.0379508	1.7691118	0.0011075397	1.6004013E-4	23.824
2020-05-23 21:06:34	5	3589.0042	-51	-51	102400	4096	-3.317694	0.021642797	0.12843075	0.14236256	3.8194066E-4	0.0011759939	0.02610859	0.37535176	-0.45989385	0.8352456	1.1350001	2.3229868	2.6365905	2.9226003	1.7251952	0.0011572602	1.5957927E-4	23.56
2020-05-23 21:16:34	5	3591.3745	-51	-51	102400	4096	-3.2721894	0.020868203	0.12720795	0.14099665	3.0329466E-4	0.0011604251	0.025677133	0.42486498	-0.60017186	1.0250368	1.136487	2.6514146	3.0132983	3.3399248	1.7600462	0.0011513376	1.6460722E-4	23.268
2020-05-23 21:26:26	5	3592.8372	-51	-51	102400	4096	-3.1680596	0.022751119	0.13158095	0.14552051	1.4330288E-4	0.0013112042	0.027214333	0.3967258	-0.53337944	0.9301052	1.1336386	2.40487	2.7262535	3.0150702	1.7704144	0.0011741124	1.5553998E-4	23.196
2020-05-23 21:36:25	5	3593.825	-51	-51	102400	4096	-3.118009	0.021459527	0.13083585	0.1451555	1.56869E-4	0.0012919479	0.027204396	0.3846802	-0.48846656	0.8731468	1.1362817	2.332278	2.6501248	2.9401746	1.7456888	0.0011484746	1.6328358E-4	23.224
2020-05-23 21:46:59	5	3544.4453	-51	-51	102400	4096	-3.2072017	0.023670046	0.13453509	0.1490619	2.5902735E-4	0.001431244	0.028578335	0.3767945	-0.5350145	0.91180897	1.1341012	2.2288768	2.5277717	2.8007154	1.7524266	0.0012517733	1.8219331E-4	23.632
2020-05-23 21:56:25	5	3586.577	-51	-50	102400	4096	-3.1575975	0.022210062	0.12961406	0.14356783	2.6962135E-4	0.0012312647	0.02657067	0.4049812	-0.5062298	0.911211	1.1353875	2.4844692	2.8208354	3.1245162	1.7439997	0.0012260062	1.7710739E-4	23.292
2020-05-23 22:06:18	5	3590.675	-51	-52	102400	4096	-3.0788972	0.020749047	0.13481396	0.14953248	1.87466E-4	0.0014397879	0.028795261	0.3644187	-0.54673487	0.91115355	1.1348147	2.1475344	2.437054	2.7031226	1.736427	0.0010682046	1.4816818E-4	23.164
2020-05-23 22:16:50	5	3588.2573	-51	-51	102400	4096	-3.1206112	0.02234323	0.1306875	0.14479528	2.6051828E-4	0.0012620043	0.02697924	0.40603206	-0.5621047	0.9681368	1.134385	2.471983	2.8041801	3.1068926	1.7338096	0.0011685566	1.6559215E-4	23.272
2020-05-23 22:26:16	5	3589.1272	-120	-51	102400	4096	-3.0827894	0.022033548	0.13601822	0.15055947	1.6277557E-4	0.001511352	0.029250266	0.406212	-0.5619119	0.9681239	1.1359437	2.3751326	2.698017	2.986453	1.7664689	0.001151698	1.559033E-4	23.312
2020-05-23 22:36:16	5	3591.0444	-51	-51	102400	4096	-2.998284	0.021829687	0.12553664	0.14039737	1.937861E-4	0.0011885077	0.025666865	0.35974997	-0.5513986	0.91114855	1.1411098	2.2455068	2.5623698	2.8656971	1.8040824	0.0012558937	1.853645E-4	23.068
2020-05-23 22:46:59	5	3550.294	-51	-51	102400	4096	-3.0857947	0.02171178	0.12676263	0.13992877	1.3061352E-4	0.0011043123	0.02513966	0.3316253	-0.5041227	0.83574796	1.1331116	2.0915487	2.369958	2.6161127	1.7473227	0.0011682207	1.6297163E-4	23.824
2020-05-23 23:17:32	5	3597.49	-51	-51	102400	4096	-2.6060588	0.023858292	0.1311252	0.14519162	8.399323E-5	0.0012521202	0.027071068	0.36637336	-0.5257048	0.89207816	1.133212	2.2267487	2.5233781	2.7940729	1.7085797	0.0011543109	1.4696422E-4	23.02
2020-05-23 23:47:29	5	3601.6606	-51	-51	102400	4096	-2.4182417	0.023361119	0.122432455	0.13614276	1.2515011E-4	0.0010619875	0.024276547	0.40644917	-0.48557225	0.8920214	1.1444554	2.6086318	2.9854627	3.3197827	1.8019619	0.0012441439	1.7949173E-4	23.032
2020-05-24 00:47:25	5	3605.9548	-51	-50	102400	4096	-2.0477498	0.022836734	0.12745857	0.1419995	2.5670757E-4	0.0011959255	0.026109578	0.3207577	-0.49529356	0.81605124	1.1379236	1.985076	2.2588649	2.5165644	1.7543023	0.0011283099	1.586454E-4	22.908
2020-05-24 01:18:01	5	3606.5664	-51	-50	102400	4096	-1.9559184	0.022798616	0.12804921	0.14271775	2.2113878E-4	0.0012158342	0.026382113	0.34280896	-0.4542569	0.79706585	1.1380905	2.1105585	2.4020066	2.6771657	1.7468483	0.0011913186	1.6047749E-4	22.88
2020-05-24 01:47:14	5	3605.0488	-51	-50	102400	4096	-1.6840045	0.023756707	0.12667783	0.14071172	2.5253434E-4	0.0011761138	0.025631862	0.33655262	-0.5744009	0.9109535	1.1377839	2.1021461	2.391788	2.6567605	1.7901485	0.0012184496	1.7513338E-4	22.608
2020-05-24 02:17:13	5	3605.8894	-51	-49	102400	4096	-1.405235	0.022056172	0.1264283	0.14075474	1.4210484E-4	0.001180706	0.025608	0.36144754	-0.53051627	0.89196384	1.1369066	2.2586944	2.5679245	2.8589132	1.8004888	0.0011043604	1.4443875E-4	22.292
2020-05-24 02:47:01	5	3606.1204	-120	-51	102400	4096	-1.1939852	0.022378538	0.1175745	0.1308114	1.8803225E-4	8.7491807E-4	0.022146346	0.3399803	-0.49504673	0.83502704	1.1376417	2.284561	2.5990114	2.891616	1.7838701	0.001155451	1.532649E-4	22.048
2020-05-24 03:17:14	5	3606.65	-51	-50	102400	4096	-1.0816197	0.02155091	0.12644067	0.14127333	2.9091706E-4	0.0011683276	0.02576369	0.36046576	-0.51251	0.87297577	1.1361713	2.2457426	2.5515485	2.850869	1.7601452	0.0011466907	1.6403495E-4	22.0
2020-05-24 03:46:58	5	3606.3552	-51	-51	102400	4096	-0.88447016	0.021811532	0.12617055	0.13966942	3.3395438E-4	0.0011171422	0.025176605	0.4290025	-0.53886634	0.9678688	1.1360495	2.703717	3.0715566	3.4001796	1.7624391	0.001180343	1.6159586E-4	21.912
2020-05-24 04:16:48	5	3606.41	-51	-51	102400	4096	-0.53549284	0.022065595	0.12385795	0.13745488	2.692105E-4	0.0010587642	0.024482017	0.421626	-0.45135295	0.872979	1.1383176	2.694659	3.0673776	3.4041095	1.7664641	0.0011103323	1.511229E-4	21.664
2020-05-24 04:46:45	5	3606.532	-51	-50	102400	4096	-0.531674	0.020669166	0.12274531	0.13696435	1.9469917E-4	0.0010162828	0.024208952	0.36087412	-0.37925884	0.740133	1.1360055	2.3193579	2.6348033	2.9400237	1.734054	0.0010895176	1.5541507E-4	21.676
2020-05-24 05:16:39	5	3606.469	-51	-50	102400	4096	-0.5830805	0.021299703	0.12137944	0.1346154	2.117535E-4	9.553915E-4	0.02342404	0.3743248	-0.3847867	0.75911146	1.1369363	2.4457817	2.7806978	3.0839224	1.7412366	0.0011121043	1.5249709E-4	21.644
2020-05-24 05:46:34	5	3606.4094	-51	-51	102400	4096	-0.4882105	0.022022804	0.12188794	0.13534588	2.027223E-4	9.7458187E-4	0.023703013	0.33638805	-0.3847685	0.72115654	1.137514	2.1849365	2.485396	2.7598143	1.7346475	0.0010627133	1.3885644E-4	21.432
2020-05-24 06:16:28	5	3606.4019	-51	-120	102400	4096	-0.6536965	0.021597126	0.12474485	0.13812026	1.0453682E-4	0.001094706	0.024682878	0.40698498	-0.54190534	0.9488903	1.1374714	2.5904815	2.9465988	3.2625394	1.7968256	0.0011270071	1.6185449E-4	21.676
2020-05-24 06:46:27	5	3606.4275	-51	-50	102400	4096	-0.7040643	0.021779627	0.12805414	0.1422416	7.739916E-5	0.0012001734	0.026086448	0.4004195	-0.49153706	0.89195657	1.1354836	2.4791782	2.815066	3.1269548	1.7636569	0.0011629724	1.6679819E-4	21.66
2020-05-24 07:16:15	5	3606.1326	-51	-50	102400	4096	-1.0300136	0.02279403	0.1245079	0.13747977	2.570384E-4	0.0010366214	0.024277182	0.36578757	-0.52617294	0.8919605	1.1333404	2.3476307	2.6606648	2.9378664	1.7588291	0.0011530226	1.5789077E-4	21.856
2020-05-24 07:46:11	5	3606.2139	-51	-50	102400	4096	-1.3231776	0.02238972	0.12717558	0.14060165	1.7825932E-4	0.0011188118	0.025370631	0.45019603	-0.5366527	0.9868487	1.1328573	2.8264155	3.2019255	3.5399563	1.7381788	0.0011918235	1.6619982E-4	21.992
2020-05-24 08:16:07	5	3606.3499	-51	-50	102400	4096	-1.656065	0.023240995	0.13303205	0.14752291	2.2221931E-4	0.0013989321	0.028095666	0.34659547	-0.5453622	0.89195764	1.1362141	2.0677745	2.3494349	2.6053529	1.7722214	0.0012341228	1.7855814E-4	22.184
2020-05-24 08:46:04	5	3606.4924	-51	-49	102400	4096	-1.9494989	0.0245013	0.13236992	0.14643607	2.9584125E-4	0.0013442286	0.027683133	0.3743432	-0.4986348	0.872978	1.1362126	2.2498953	2.5563593	2.8280077	1.7540528	0.001287717	1.7746021E-4	22.436
2020-05-24 09:15:59	5	3606.4612	-51	-51	102400	4096	-2.1736982	0.023213401	0.12667193	0.14041504	2.6210307E-4	0.0011448961	0.025488082	0.35183042	-0.48319227	0.8350227	1.1369855	2.2037625	2.5056462	2.777493	1.7623485	0.0012428943	1.7570869E-4	22.64
2020-05-24 09:46:06	5	3606.3208	-51	-50	102400	4096	-2.3071823	0.024224203	0.12074168	0.13425046	2.7078934E-4	9.806257E-4	0.023495076	0.3524659	-0.40664718	0.7591131	1.1417543	2.299475	2.6254354	2.9191735	1.776436	0.0013701586	2.0305162E-4	22.716
2020-05-24 09:57:22	5	3598.5913	-51	-50	102400	4096	-2.4426408	0.02319106	0.12559807	0.13924383	9.226716E-5	0.0011274839	0.025192566	0.3738137	-0.4423291	0.8161428	1.1398829	2.3551524	2.6845977	2.976269	1.7765013	0.001254776	1.7075855E-4	22.884
2020-05-24 10:07:19	5	3597.7844	-51	-50	102400	4096	-2.4748113	0.023010345	0.12887363	0.14295362	-1.97746E-5	0.0012514363	0.026544033	0.36799818	-0.50509566	0.87309384	1.1396941	2.2587192	2.574249	2.8554964	1.7761307	0.0011626239	1.5222999E-4	22.884
2020-05-24 10:17:13	5	3593.9248	-51	-50	102400	4096	-2.5754397	0.023121946	0.12892228	0.14234371	7.124623E-6	0.0011706761	0.025980962	0.35461327	-0.5185321	0.87314534	1.1323725	2.2000237	2.4912465	2.7505972	1.7343081	0.001172276	1.5543774E-4	22.984
2020-05-24 10:27:14	5	3594.6128	-51	-50	102400	4096	-2.6356974	0.023538185	0.12583052	0.13979064	8.559773E-5	0.0011485615	0.02527606	0.39591318	-0.57212895	0.96804214	1.1373041	2.4902632	2.8321867	3.1464005	1.7977756	0.0011755059	1.592471E-4	22.856
2020-05-24 10:47:37	5	3543.429	-51	-51	102400	4096	-2.910083	0.02452135	0.12662071	0.1408346	2.380246E-4	0.0011671872	0.025712106	0.34557906	-0.5092555	0.85483456	1.1385692	2.1551554	2.4537938	2.729246	1.7654897	0.0012524229	1.750946E-4	22.996
2020-05-24 10:56:55	5	3586.446	-51	-50	102400	4096	-2.9660575	0.023481084	0.13067757	0.14470714	2.464686E-4	0.00128694	0.027027918	0.34632075	-0.48895752	0.8352783	1.1360993	2.1065521	2.3932526	2.6501925	1.7617046	0.0011952532	1.6322204E-4	22.98
2020-05-24 11:06:49	5	3589.2322	-51	-51	102400	4096	-2.9996557	0.022145767	0.127977	0.1432234	1.6213817E-4	0.0012827608	0.026664158	0.36104828	-0.53114265	0.89219093	1.1401184	2.211064	2.520875	2.8211968	1.8042219	0.0012271003	1.72278E-4	22.94
2020-05-24 11:16:54	5	3589.1367	-51	-51	102400	4096	-3.0436506	0.021149429	0.13187946	0.14609788	2.224162E-4	0.0013258446	0.027560705	0.3480909	-0.5061357	0.8542266	1.1363215	2.096754	2.3825867	2.6394625	1.7454684	0.0011011058	1.5394964E-4	22.992
2020-05-24 11:26:47	5	3588.8096	-51	-51	102400	4096	-3.1703825	0.02357939	0.13203079	0.14766268	3.2195466E-4	0.0013538054	0.028146995	0.3798945	-0.4363706	0.8162651	1.136175	2.2643678	2.5727184	2.8773177	1.7088037	0.001316869	1.9499661E-4	22.948
2020-05-24 11:36:47	5	3589.6655	-51	-50	102400	4096	-3.2435372	0.1963223	0.17223851	0.2061735	-0.0053463914	0.0496158	0.08007657	1.345271	-1.7299201	3.075191	1.3725238	4.753977	6.524946	7.8105116	7.7376504	0.025064077	0.004776326	22.992
2020-05-24 11:47:55	5	3547.9717	-51	-51	102400	4096	-3.549304	0.02256126	0.12811588	0.14172891	2.7492724E-4	0.00118212	0.025826344	0.35814968	-0.53461367	0.8927634	1.1338954	2.228605	2.5270052	2.7955136	1.7722937	0.0011030155	1.4724581E-4	23.744
2020-05-24 11:56:41	5	3584.7334	-51	-51	102400	4096	-3.6528637	0.022530599	0.123211056	0.13656859	2.1787826E-4	0.0010541473	0.02419122	0.34963006	-0.54262286	0.8922529	1.1388803	2.247915	2.560106	2.8376517	1.8012989	0.0011738024	1.6415853E-4	23.476
2020-05-24 12:06:40	5	3585.255	-51	-50	102400	4096	-3.7658665	0.022875749	0.12295379	0.13634078	2.3987626E-4	0.0010082155	0.024054462	0.40570766	-0.4295861	0.83529377	1.137554	2.6158655	2.9756885	3.299676	1.742457	0.0012747823	1.8019405E-4	23.572
2020-05-24 12:16:40	5	3587.5632	-51	-48	102400	4096	-3.807092	0.02270138	0.12630633	0.14006387	2.1232136E-4	0.0011773098	0.025460068	0.35213614	-0.5590613	0.9111974	1.1392097	2.2068906	2.5141113	2.7879534	1.8162333	0.0012126098	1.7100884E-4	23.22
2020-05-24 12:26:33	5	3589.4375	-53	-53	102400	4096	-3.82007	0.026862506	0.12931961	0.14358588	2.6849002E-4	0.001296328	0.026810566	0.4221617	-0.52697456	0.94913626	1.1403582	2.578255	2.940134	3.2644835	1.8034452	0.0022024515	3.6631347E-4	23.308
2020-05-24 12:36:33	5	3590.346	-53	-53	102400	4096	-3.8537738	0.020729573	0.12221356	0.1366703	2.7974058E-4	0.0010302044	0.02420772	0.36100045	-0.49321017	0.8542106	1.1384207	2.3202288	2.6413963	2.9538496	1.7579868	0.0011371265	1.6409079E-4	23.376
2020-05-24 12:47:17	5	3543.6226	-55	-55	102400	4096	-3.9893274	0.020737302	0.124222696	0.13902263	2.602136E-4	0.0010801642	0.02498447	0.34204414	-0.4178066	0.75985074	1.1369715	2.1639493	2.4603486	2.7534754	1.7304118	0.0010448591	1.4003902E-4	23.848
2020-05-24 12:56:26	5	3579.9973	-55	-56	102400	4096	-4.141135	0.021567449	0.13122319	0.14553913	3.3550625E-4	0.0013046227	0.027280057	0.38200876	-0.58625126	0.96826005	1.1348615	2.3128672	2.6247838	2.9111378	1.7530504	0.0011127291	1.5158404E-4	23.516
2020-05-24 13:06:24	5	3587.1519	-53	-53	102400	4096	-4.057478	0.022763042	0.12729116	0.14087236	1.8644633E-4	0.001149532	0.02558088	0.3557162	-0.49853638	0.8542526	1.1353557	2.224057	2.525096	2.7945085	1.7566699	0.0011841548	1.7035815E-4	23.54
2020-05-24 13:16:22	5	3589.4607	-53	-54	102400	4096	-4.061978	0.02260812	0.12348775	0.13757284	1.9305003E-4	0.001045669	0.024441684	0.3413645	-0.43692696	0.77829146	1.1364043	2.1834981	2.4813366	2.7643595	1.7503786	0.0013984512	2.1909866E-4	23.592
2020-05-24 13:26:20	5	3591.1392	-53	-54	102400	4096	-4.10925	0.023440747	0.12924029	0.14269961	2.402991E-4	0.001192939	0.026119363	0.350768	-0.5413967	0.8921647	1.1325529	2.1703947	2.4580867	2.7140763	1.7486105	0.0012255046	1.65569E-4	23.564
2020-05-24 13:35:54	5	3589.6492	-53	-54	102400	4096	-4.150674	0.025142945	0.12405325	0.13744082	2.451386E-4	0.0010559633	0.024426365	0.39210612	-0.48109668	0.8732028	1.1371393	2.508847	2.8529086	3.1607888	1.7698282	0.0016870347	2.3177835E-4	23.732
2020-05-24 13:46:29	5	3543.176	-55	-55	102400	4096	-4.2259574	0.022674937	0.1283239	0.14198874	2.1739725E-4	0.0012072329	0.026017914	0.38868415	-0.52314293	0.9118271	1.1360104	2.4096868	2.7374294	3.0289302	1.7833893	0.0012323733	1.6923985E-4	23.988
2020-05-24 13:55:44	5	3588.0164	-53	-54	102400	4096	-4.178664	0.022275802	0.124089	0.13830905	3.0978696E-4	0.0010869212	0.024780354	0.3630527	-0.54813826	0.911191	1.1381596	2.3063006	2.6249382	2.9257445	1.7700399	0.001237191	1.7996023E-4	23.716
2020-05-24 14:05:41	5	3590.5579	-55	-55	102400	4096	-4.1404204	0.020640858	0.12956336	0.14350115	3.4910682E-4	0.0011957231	0.026401566	0.381905	-0.4533206	0.8352256	1.1322947	2.350393	2.6613376	2.9476314	1.715423	0.0011213514	1.4820424E-4	23.652
2020-05-24 14:15:40	5	3592.749	-53	-54	102400	4096	-4.0707774	0.021744076	0.128433	0.14207676	2.6885522E-4	0.001174862	0.025994774	0.4262787	-0.5038277	0.9301064	1.1348017	2.643934	3.000341	3.3190744	1.7386606	0.0012370737	1.7913572E-4	23.408
2020-05-24 14:25:35	5	3590.8748	-55	-55	102400	4096	-4.085381	0.022728242	0.12335727	0.1370704	1.7219369E-4	0.0010750984	0.024393214	0.3838309	-0.5273198	0.9111507	1.1394384	2.4575675	2.8002465	3.1115384	1.8068005	0.0013020356	1.886547E-4	23.54
2020-05-24 14:35:35	5	3590.0195	-53	-54	102400	4096	-4.188583	0.026579862	0.13112456	0.14468081	3.2182646E-4	0.0012929706	0.02693193	0.3730889	-0.63298696	1.0060759	1.1342866	2.2734144	2.5787034	2.8453014	1.7825992	0.0020417948	3.3975E-4	23.876
2020-05-24 14:47:07	5	3540.8765	-53	-53	102400	4096	-4.319032	0.022302905	0.11730757	0.12998563	2.41384E-4	8.4749743E-4	0.02188709	0.32964307	-0.48723167	0.81687474	1.1381477	2.2281783	2.5359962	2.810075	1.7691406	0.0011644266	1.5842431E-4	24.016
2020-05-24 14:55:18	5	3585.4783	-53	-53	102400	4096	-4.2917805	0.021757198	0.12590876	0.13982539	1.6840312E-4	0.0011614221	0.025298418	0.3431328	-0.53012604	0.8732588	1.1375242	2.1573248	2.454009	2.7252493	1.8146936	0.001239313	1.9293003E-4	23.972
2020-05-24 15:05:16	5	3589.0515	-120	-54	102400	4096	-4.2273893	0.022392534	0.12689906	0.14080985	2.700252E-4	0.0011506735	0.025639247	0.3548902	-0.49933758	0.8542278	1.1371548	2.2163656	2.5203507	2.7966337	1.7504172	0.001189504	1.6529586E-4	23.824
2020-05-24 15:15:22	5	3591.597	-53	-53	102400	4096	-4.222358	0.02218056	0.12837836	0.14198706	2.8608495E-4	0.0011648239	0.025964739	0.3689924	-0.3713097	0.7403021	1.1348624	2.289947	2.5987747	2.8742568	1.7277955	0.0011774005	1.7373523E-4	23.796
2020-05-24 15:25:09	5	3592.2083	-53	-53	102400	4096	-4.3022456	0.020914357	0.12646237	0.14007011	2.382402E-4	0.0011287379	0.025360921	0.3540064	-0.51916206	0.87316847	1.1369387	2.2229445	2.5273516	2.7993023	1.7549433	0.0011410059	1.6492642E-4	23.632
2020-05-24 15:35:05	5	3592.6313	-53	-54	102400	4096	-4.2814007	0.022267971	0.12589857	0.1395459	2.1302211E-4	0.0011258331	0.02519772	0.35216892	-0.55895746	0.9111264	1.1375318	2.218556	2.5236778	2.797243	1.7731746	0.0011954834	1.7361337E-4	23.708
2020-05-24 15:45:43	5	3547.0317	-53	-54	102400	4096	-4.3690553	0.022940801	0.12205556	0.1372816	2.684122E-4	0.0010715168	0.024536766	0.38005334	-0.569709	0.94976234	1.1410282	2.426252	2.7684216	3.1137733	1.7797719	0.0011884371	1.609799E-4	24.012
2020-05-24 15:54:48	5	3592.2083	-53	-54	102400	4096	-4.310499	0.02060039	0.12214148	0.13530812	1.5448358E-4	9.839159E-4	0.023587547	0.36226004	-0.47294456	0.8352046	1.1350566	2.3587344	2.677297	2.965905	1.7684484	0.001090625	1.4758037E-4	23.732
2020-05-24 16:04:51	5	3592.4194	-51	-51	102400	4096	-4.288885	0.021288782	0.12198287	0.13568242	2.0835685E-4	0.0010209694	0.02385101	0.3596405	-0.4945434	0.8541839	1.1382294	2.3287091	2.6506052	2.948287	1.7947303	0.0011755112	1.6469814E-4	23.732
2020-05-24 16:14:50	5	3594.2542	-53	-54	102400	4096	-4.327909	0.022596946	0.12659216	0.14190692	1.6784859E-4	0.001204081	0.026103277	0.34183055	-0.5692727	0.91110325	1.1385286	2.1157453	2.4088364	2.7002506	1.7671185	0.0012274394	1.7588265E-4	23.792
2020-05-24 16:45:46	5	3599.4736	-53	-54	102400	4096	-4.2931347	0.021685015	0.12697259	0.14151137	3.223827E-4	0.0011931094	0.026031291	0.34533432	-0.4707975	0.81613183	1.1401356	2.140385	2.440329	2.719755	1.7607142	0.0012519578	1.9058996E-4	23.692
2020-05-24 17:15:40	5	3603.9968	-53	-53	102400	4096	-4.6902657	0.022571666	0.11783685	0.13115412	2.6708093E-4	8.8964554E-4	0.02231401	0.3441893	-0.5478004	0.8919897	1.1389558	2.3041382	2.6243117	2.920897	1.7867415	0.0013090782	1.90708E-4	23.984
2020-05-24 17:45:37	5	3605.9485	-53	-54	102400	4096	-4.675226	0.02117575	0.1185409	0.13133174	2.8150878E-4	8.535718E-4	0.02224973	0.34825644	-0.2969934	0.64524984	1.1357759	2.3347306	2.651731	2.937859	1.7242117	0.001203437	1.6829449E-4	24.02
2020-05-24 18:15:32	5	3606.7139	-53	-54	102400	4096	-4.531574	0.021874195	0.12081722	0.13413309	9.449994E-5	9.993841E-4	0.02338518	0.37545386	-0.5354763	0.91093016	1.1400777	2.4551961	2.7991145	3.1076188	1.8274732	0.0011685899	1.6500059E-4	24.012
2020-05-24 18:45:29	5	3607.289	-53	-54	102400	4096	-4.607097	0.02082815	0.12131448	0.13472274	2.3136602E-4	9.73971E-4	0.02354753	0.35612562	-0.44093153	0.79705715	1.1390212	2.3207617	2.6433966	2.9355574	1.7565289	0.0010569508	1.3831102E-4	24.012
2020-05-24 19:15:24	5	3608.3125	-53	-54	102400	4096	-4.7733865	0.021854587	0.120600864	0.13361193	2.1268323E-4	9.5101335E-4	0.023148755	0.33270898	-0.48331293	0.8160219	1.1387242	2.186758	2.4901142	2.7587614	1.7747263	0.0011335969	1.5523972E-4	24.04
2020-05-24 19:45:56	5	3609.0103	-53	-53	102400	4096	-4.423048	0.023370882	0.12187967	0.13598889	1.8265031E-4	0.0010413219	0.02402881	0.38093573	-0.5489401	0.92987585	1.1398894	2.457455	2.8012269	3.1255069	1.8035179	0.0012400991	1.729849E-4	23.936
2020-05-24 20:44:44	5	3605.3147	-51	-52	102400	4096	-4.381036	0.021982612	0.12327902	0.1367576	2.5762193E-4	9.829302E-4	0.02403	0.33869642	-0.30655962	0.64525604	1.1335102	2.1849108	2.4766185	2.747397	1.7022177	0.0011660478	1.618125E-4	23.996
2020-05-24 21:14:17	5	3603.767	-51	-51	102400	4096	-4.409431	0.021910802	0.12832811	0.14173576	1.8284743E-4	0.0011855962	0.025837682	0.40495336	-0.543975	0.94892836	1.1340895	2.5192904	2.8571007	3.155609	1.7759458	0.0011287004	1.6008584E-4	23.972
2020-05-25 01:14:21	5	3613.133	-51	-52	102400	4096	-2.5554461	0.023905009	0.12843955	0.14264438	-2.3845132E-5	0.0012032543	0.026283117	0.3921973	-0.49966842	0.89186573	1.1365374	2.4191687	2.749476	3.0535557	1.7418216	0.0012853378	1.7995584E-4	23.112
2020-05-25 01:44:50	5	3609.901	-51	-51	102400	4096	-2.4690268	0.023215223	0.12500076	0.13932699	-4.798802E-5	0.0011289824	0.025270171	0.32464862	-0.5293071	0.85395575	1.1409558	2.0422525	2.33012	2.5971732	1.7679534	0.0012259553	1.664848E-4	23.168
2020-05-25 02:14:48	5	3608.5657	-51	-49	102400	4096	-2.3968744	0.024315517	0.12446793	0.13878116	6.9619826E-5	0.0011595839	0.025262173	0.36631617	-0.5066341	0.8729503	1.145262	2.3047338	2.6395237	2.9430568	1.8170245	0.001354844	2.0544916E-4	23.12
2020-05-25 02:44:38	5	3607.7007	-51	-51	102400	4096	-2.3495739	0.023130612	0.12157267	0.13537951	1.1329523E-4	0.001050195	0.023948215	0.33796608	-0.5729507	0.9109168	1.1430985	2.1839192	2.4964347	2.779951	1.8311487	0.0013602811	2.0305515E-4	23.032
2020-05-25 03:14:40	5	3607.4607	-51	-50	102400	4096	-2.212102	0.022763083	0.12186864	0.13496931	2.8723385E-4	9.6357905E-4	0.023476545	0.3333294	-0.53963554	0.872965	1.1352253	2.1754873	2.4696681	2.7351534	1.7483124	0.0012776204	1.797914E-4	23.008
2020-05-25 04:14:04	5	3605.1428	-51	-51	102400	4096	-2.0976343	0.023546433	0.12674353	0.14030822	2.5088675E-4	0.0011213201	0.025408106	0.35164285	-0.44544017	0.797083	1.1360646	2.2060513	2.506217	2.7744443	1.7369406	0.001313355	1.8880915E-4	22.992
2020-05-25 04:44:27	5	3605.5195	-51	-49	102400	4096	-2.0948842	0.024275245	0.12617499	0.14040835	1.600133E-4	0.0012017807	0.02573393	0.40583673	-0.5430662	0.94890296	1.1425103	2.5298705	2.890403	3.2164595	1.8147342	0.0013171406	1.9239714E-4	23.004
2020-05-25 05:13:53	5	3604.26	-51	-51	102400	4096	-2.0917783	0.022662219	0.1253448	0.1391032	2.4199148E-4	0.0010717377	0.024984717	0.3267848	-0.33746022	0.664245	1.1363184	2.0674005	2.3492253	2.6070867	1.7168787	0.0011934955	1.6936474E-4	22.984
2020-05-25 05:44:09	5	3605.3362	-51	-50	102400	4096	-2.248508	0.02451416	0.11714456	0.12946856	2.496198E-4	8.398105E-4	0.021639153	0.35069668	-0.4653622	0.8160589	1.1362026	2.384029	2.70874	2.9937084	1.7934977	0.0013459197	1.913153E-4	23.028
2020-05-25 06:13:49	5	3604.584	-51	-51	102400	4096	-2.3107417	0.02252768	0.12123766	0.13484336	2.8631618E-4	9.759651E-4	0.023601608	0.37495178	-0.40315992	0.7781117	1.1393082	2.440645	2.7806468	3.0927007	1.7520685	0.0012066688	1.7110111E-4	23.032
2020-05-25 06:43:44	5	3605.2654	-51	-51	102400	4096	-2.249831	0.023436943	0.12833871	0.14162102	3.4167295E-4	0.0011604952	0.025755139	0.35201746	-0.5209766	0.87299407	1.1331939	2.1934729	2.48563	2.7428782	1.7495064	0.0013393471	2.036427E-4	22.996
2020-05-25 07:13:42	5	3605.46	-51	-51	102400	4096	-2.1394353	0.022419589	0.124037646	0.13800158	2.2732347E-4	0.0010843559	0.024765704	0.41243026	-0.5174955	0.9299258	1.1403582	2.6207476	2.988591	3.325041	1.7679521	0.0012202478	1.777327E-4	22.976
2020-05-25 07:43:36	5	3605.389	-51	-49	102400	4096	-2.068585	0.023367872	0.12341377	0.13875099	1.5071395E-4	0.001141635	0.025163941	0.4174904	-0.51243633	0.92992675	1.1432817	2.631826	3.0089185	3.3828511	1.802893	0.0012622841	1.6568505E-4	22.9
2020-05-25 08:43:23	5	3603.0027	-83	-84	102400	4096	-2.106312	0.025230633	0.13311101	0.14809299	2.7252178E-4	0.0013732152	0.028227665	0.39822093	-0.41786703	0.81608796	1.134496	2.3702087	2.6889925	2.9916453	1.7234104	0.0013860727	1.9905016E-4	22.752
2020-05-25 20:41:30	5	3610.5066	-55	-55	102400	4096	-0.65871954	0.021219058	0.12463255	0.13777016	5.275153E-5	0.0010716673	0.02445067	0.3930468	-0.53680766	0.9298545	1.1349852	2.5136156	2.8529167	3.1536448	1.7925795	0.0011130464	1.6033146E-4	21.932
2020-05-26 00:40:38	5	3607.6626	-87	-87	102400	4096	10.632529	0.15892226	0.14109364	0.15605058	5.6193858E-5	0.0019055103	0.031627458	0.48825175	-0.6314172	1.119669	1.1396376	2.7454383	3.1288044	3.4604802	1.9049464	0.0027932618	1.7413161E-4	17.924
2020-05-26 04:39:28	5	3605.1475	-91	-91	102400	4096	6.047248	0.18108249	0.31899825	0.3680681	-0.016165068	0.094014764	0.1977128	0.93671805	-1.1319021	2.0686202	1.2080619	2.1066458	2.5449586	2.9364364	2.4050632	0.004579111	5.9196696E-4	15.9
2020-05-27 04:35:34	5	3611.576	-93	-94	102400	4096	6.2913384	0.0224965	0.13446593	0.15263459	3.9481744E-4	0.0022685004	0.03253851	0.44525287	-0.5794678	1.0247207	1.1818051	2.4683566	2.9171166	3.3112688	2.142612	0.0012207875	1.6738528E-4	22.86
2020-05-27 16:34:10	5	3611.1274	-81	-82	102400	4096	2.417889	0.021326927	0.12316945	0.13632855	1.9942557E-4	0.0010098678	0.024030775	0.3526717	-0.42536238	0.7780341	1.1370959	2.275028	2.586925	2.863305	1.748755	0.0011258023	1.6259779E-4	25.3
2020-05-27 20:33:43	5	3609.994	-81	-82	102400	4096	4.4802504	0.02096513	0.12400295	0.1375036	2.1631073E-4	0.001031682	0.024271192	0.39677954	-0.47615194	0.8729315	1.1330041	2.5468519	2.8855937	3.1997588	1.7513126	0.0012052995	1.7072589E-4	23.688
2020-05-28 00:33:20	5	3608.491	-81	-81	102400	4096	5.7355075	0.020572044	0.13284148	0.14672513	2.4488373E-4	0.0012880568	0.027554365	0.33719763	-0.3649589	0.70215654	1.1313336	2.0313714	2.298159	2.5383458	1.6965015	0.0010851935	1.4728862E-4	22.064
2020-05-28 04:32:47	5	3607.8774	-83	-83	102400	4096	5.618236	0.022471774	0.13305745	0.14703232	2.8122385E-4	0.0013150519	0.0276047	0.4165712	-0.532298	0.9488692	1.1300006	2.5072505	2.8331947	3.1307619	1.7257459	0.0012804619	1.8803404E-4	22.02
2020-05-28 08:32:08	5	3606.7913	-81	-82	102400	4096	5.4089346	0.020986386	0.123731405	0.13797823	2.0324253E-4	0.0010449297	0.024496721	0.30335134	-0.51268965	0.816041	1.1343404	1.9381703	2.198545	2.4516923	1.7412902	0.0011887708	1.7802572E-4	22.032
2020-05-28 12:31:29	5	3607.192	-81	-82	102400	4096	5.2310658	0.023490032	0.12921703	0.14273465	2.1124649E-4	0.0011976304	0.026136834	0.38629735	-0.48667133	0.8729687	1.1326535	2.389435	2.706402	2.9895234	1.7531412	0.0012311549	1.7443868E-4	21.968
2020-05-28 16:30:51	5	3607.1897	-83	-83	102400	4096	4.545598	0.021828914	0.1300336	0.14345923	1.4957556E-4	0.0012081426	0.026368344	0.35061708	-0.5413287	0.89194584	1.1319127	2.159194	2.4440188	2.6963577	1.7376107	0.001127738	1.5516637E-4	22.828
2020-05-28 20:30:18	5	3607.4023	-83	-83	102400	4096	4.057167	0.02092771	0.12473754	0.13823597	1.8622034E-4	0.0010841733	0.024665445	0.42152682	-0.5273488	0.94887567	1.136118	2.683989	3.0493283	3.3793104	1.7820537	0.0010879285	1.4172313E-4	23.0
2020-05-29 00:29:50	5	3607.9836	-83	-83	102400	4096	3.8937945	0.0219208	0.12615933	0.14019914	3.4770544E-4	0.0011309963	0.02543097	0.41406393	-0.5158262	0.92989016	1.1374599	2.5964856	2.9533982	3.2820714	1.7487807	0.0011700788	1.6379825E-4	23.016
2020-05-29 04:29:16	5	3607.7546	-83	-83	102400	4096	3.985855	0.020893704	0.13129792	0.14579786	2.9233115E-4	0.0012919827	0.027291942	0.35997346	-0.51298785	0.8729613	1.1330943	2.17898	2.4689898	2.741654	1.7345539	0.0010517752	1.3744827E-4	22.988
2020-05-29 08:28:48	5	3607.684	-81	-82	102400	4096	3.987226	0.02172879	0.12627465	0.14059292	2.9314973E-4	0.0011245398	0.025541326	0.3396292	-0.49537775	0.83500695	1.1367326	2.1251192	2.415692	2.6896071	1.7238042	0.0011789959	1.7217422E-4	22.98
2020-05-29 16:27:20	5	3607.4255	-83	-83	102400	4096	4.0003767	0.022727052	0.12891431	0.14294395	1.9058099E-4	0.0012118968	0.026328454	0.34547317	-0.5274924	0.8729656	1.1351334	2.1291275	2.4168437	2.6798668	1.7482958	0.0011881992	1.6368576E-4	22.808
2020-05-30 04:24:46	5	3606.6975	-83	-84	102400	4096	4.3287735	0.02241335	0.12599559	0.14003289	2.439401E-4	0.0010947287	0.025234947	0.3587236	-0.43834093	0.79706454	1.1344129	2.258181	2.56171	2.8471124	1.7191021	0.0011424924	1.5948217E-4	22.016
2020-05-30 12:22:57	5	3606.5154	-83	-83	102400	4096	4.164764	0.022142846	0.13281482	0.14681542	2.98752E-5	0.0013783729	0.027736194	0.3899015	-0.5589871	0.94888854	1.1343622	2.341162	2.6557257	2.9356773	1.7917318	0.0010962958	1.5214246E-4	22.052
2020-05-30 12:54:32	5	3599.9932	-83	-84	102400	4096	4.0980263	0.023648024	0.13767698	0.15224119	2.3912567E-4	0.0014640685	0.029538529	0.38117313	-0.4539318	0.83510494	1.1289177	2.217828	2.5037453	2.7686045	1.6779681	0.0013173727	1.9455342E-4	22.204
2020-05-30 13:53:56	5	3599.4985	-83	-83	102400	4096	4.018501	0.02237777	0.13060953	0.14448309	1.920888E-4	0.0012950875	0.02688735	0.34685388	-0.6211158	0.96796966	1.1348984	2.1153028	2.4006538	2.6556554	1.7914433	0.0011491587	1.5709795E-4	22.332
2020-05-30 14:53:29	5	3599.6763	-83	-83	102400	4096	3.9341419	0.024472883	0.13302048	0.14746359	2.3686406E-4	0.0013791238	0.028001232	0.39324117	-0.5367665	0.9300077	1.1347594	2.3500137	2.6667001	2.9562454	1.7589316	0.0012235942	1.6992999E-4	22.496
2020-05-30 15:23:28	5	3599.6582	-83	-83	102400	4096	3.8974206	0.021945529	0.13393179	0.14791724	2.6580956E-4	0.0013873916	0.028103407	0.39200416	-0.5569836	0.9489877	1.1333413	2.3383589	2.6501586	2.926894	1.7566333	0.0012123565	1.6947516E-4	22.42
2020-05-30 16:23:00	5	3599.4346	-83	-83	102400	4096	3.8100834	0.022420485	0.13195427	0.1458971	2.2455574E-4	0.001303341	0.027304616	0.34649748	-0.56453377	0.91103125	1.1325865	2.096921	2.3749444	2.6258907	1.7481791	0.0011682246	1.6455946E-4	22.636
2020-05-30 17:22:34	5	3599.3525	-83	-83	102400	4096	3.710314	0.02199293	0.13401276	0.14828703	2.3253892E-4	0.001361367	0.02822998	0.3323928	-0.52170026	0.8540931	1.133058	1.9783192	2.2415502	2.4803073	1.7082605	0.0011204091	1.4731153E-4	22.724
2020-05-30 17:52:25	5	3599.2512	-83	-84	102400	4096	3.6641953	0.021890432	0.13044104	0.14485785	2.111086E-4	0.0012393235	0.026899973	0.34055826	-0.49455646	0.8351147	1.132228	2.0764215	2.3509824	2.6108215	1.7126988	0.0012797959	1.9917321E-4	22.868
2020-05-30 18:22:33	5	3599.7046	-83	-83	102400	4096	3.6064432	0.02182205	0.13275905	0.14824167	1.0714149E-4	0.0013936204	0.02827776	0.3413434	-0.56968427	0.91102767	1.1343634	2.0298736	2.3026145	2.5711498	1.7428279	0.0011605452	1.5773874E-4	22.82
2020-05-30 18:52:20	5	3599.0042	-83	-83	102400	4096	3.5591476	0.021192305	0.13713694	0.15147689	1.895268E-4	0.0014467293	0.029326368	0.40766117	-0.40847662	0.8161378	1.1305318	2.380511	2.6912432	2.972658	1.6821731	0.0011758184	1.6669718E-4	22.872
2020-05-30 19:22:18	5	3599.1875	-83	-83	102400	4096	3.510409	0.022767264	0.12884454	0.14342432	2.9029473E-4	0.0011981679	0.026442137	0.39944896	-0.39770666	0.7971556	1.1337713	2.4564788	2.7850854	3.1002398	1.7136596	0.0011786507	1.6340813E-4	22.944
2020-05-30 19:52:24	5	3599.1636	-81	-82	102400	4096	3.464953	0.021755952	0.13728444	0.15158817	1.7166132E-4	0.0014691341	0.029375438	0.38796657	-0.5420485	0.9300151	1.1306465	2.2636127	2.559346	2.8260052	1.702522	0.0011692272	1.6644144E-4	22.956
2020-05-30 21:21:30	5	3599.51	-83	-83	102400	4096	3.4059658	0.021283086	0.13673103	0.15091574	3.0645603E-4	0.0014327499	0.029076545	0.46591324	-0.5210362	0.98694944	1.1298918	2.7323332	3.0872407	3.4075162	1.6946688	0.0011392424	1.5726467E-4	22.952
2020-05-30 21:51:22	5	3599.534	-83	-83	102400	4096	3.3991902	0.022366315	0.13558789	0.15016882	9.736801E-5	0.0014605873	0.02894144	0.37778884	-0.55222124	0.9300101	1.1328706	2.2206957	2.515761	2.786302	1.7437623	0.0011733142	1.6362595E-4	22.932
2020-05-30 22:21:23	5	3599.4817	-83	-83	102400	4096	3.4101284	0.020387191	0.13352448	0.14779863	2.207461E-4	0.0013602168	0.028068079	0.36685324	-0.5251975	0.89205074	1.1335377	2.189707	2.4821153	2.7474606	1.7265644	0.0010783457	1.464661E-4	22.928
2020-05-30 22:51:21	5	3599.4336	-83	-83	102400	4096	3.4176283	0.023716321	0.134606	0.14965868	1.786242E-4	0.0014383559	0.028835043	0.35935614	-0.5137155	0.8730717	1.1346408	2.1162393	2.4011712	2.669689	1.7299165	0.001220668	1.595029E-4	22.912
2020-05-31 02:18:54	5	3599.9595	-83	-83	102400	4096	3.5027127	0.02128847	0.13417897	0.14805867	2.0691972E-4	0.0013160027	0.027960524	0.4260788	-0.5039251	0.9300039	1.1293766	2.5481048	2.87777	3.1754515	1.683318	0.0010439341	1.3890499E-4	22.824
2020-05-31 02:48:55	5	3600.1167	-83	-83	102400	4096	3.525581	0.021816555	0.1372746	0.15180682	1.7786848E-4	0.0015108743	0.029538307	0.38422146	-0.56475955	0.94898105	1.1321436	2.2355728	2.5309896	2.798926	1.7316381	0.001093637	1.449224E-4	22.832
2020-05-31 03:18:48	5	3599.9458	-83	-83	102400	4096	3.5388334	0.021374363	0.13490798	0.14883254	1.3951147E-4	0.001354042	0.028247409	0.3899591	-0.5969839	0.986943	1.1292534	2.320223	2.6201198	2.8905563	1.6969728	0.0010862517	1.5209126E-4	22.828
2020-05-31 04:48:10	5	3600.5776	-83	-83	102400	4096	3.557014	0.023119656	0.13402934	0.14829867	7.127184E-5	0.0013878444	0.028254785	0.3907199	-0.5582547	0.9489746	1.1334667	2.3244462	2.6346824	2.9151816	1.7384282	0.0011967827	1.6196574E-4	22.804
2020-05-31 05:18:00	5	3599.9639	-83	-83	102400	4096	3.5578954	0.021586385	0.13736795	0.1522146	4.0038092E-5	0.0015679345	0.029845513	0.35191628	-0.6160469	0.9679632	1.1349669	2.0370414	2.3119745	2.5618515	1.7602316	0.001057935	1.3761771E-4	22.768
2020-05-31 06:47:10	5	3600.1658	-83	-84	102400	4096	3.5616145	0.02360261	0.13349973	0.14765684	1.6018405E-4	0.0013656369	0.028043056	0.38614413	-0.5248771	0.91102123	1.1341202	2.3058803	2.6151454	2.8924716	1.7365391	0.0011370331	1.4610322E-4	22.724
2020-05-31 08:16:31	5	3600.4292	-83	-84	102400	4096	3.513637	0.023755109	0.13312687	0.14767474	1.9839803E-4	0.0013328847	0.027958782	0.35818774	-0.5718095	0.9299972	1.1322776	2.1421583	2.4255178	2.6905744	1.7051244	0.0012810496	1.8558791E-4	22.788
2020-05-31 09:15:59	5	3599.935	-85	-85	102400	4096	3.4676692	0.022816617	0.13628365	0.15042557	1.3646527E-4	0.0014471558	0.028940221	0.40418458	-0.5447991	0.94898367	1.1309131	2.3759036	2.6869407	2.9657598	1.727872	0.0011269758	1.4353344E-4	22.844
2020-05-31 09:45:51	5	3600.0474	-85	-85	102400	4096	3.4443095	0.02182945	0.13326246	0.1472189	1.9953589E-4	0.0013439127	0.027781198	0.38957852	-0.54042417	0.9300027	1.1321707	2.3373272	2.6462533	2.923393	1.741282	0.0012381354	1.8957062E-4	22.852
2020-05-31 10:45:31	5	3600.1821	-83	-84	102400	4096	3.385867	0.02135422	0.13920356	0.15373333	2.0515102E-4	0.0015547713	0.030247051	0.3910743	-0.5199467	0.911021	1.1312888	2.2486286	2.5438485	2.8093698	1.6994188	0.0011620624	1.5766628E-4	22.888
2020-05-31 11:15:23	5	3600.4004	-83	-84	102400	4096	3.3439765	0.021832298	0.13763483	0.15200824	2.2282384E-4	0.00150023	0.029529875	0.41397277	-0.5160249	0.9299977	1.1304821	2.409023	2.7233574	3.007762	1.7204207	0.00120894	1.7780335E-4	22.932
2020-05-31 13:14:04	5	3599.3936	-83	-84	102400	4096	3.0935507	0.02383921	0.13391459	0.14937925	2.9820346E-4	0.0014150083	0.028680006	0.3417991	-0.53127307	0.87307215	1.1337031	2.0182796	2.2881298	2.5523665	1.7202855	0.001253601	1.7573888E-4	22.988
2020-05-31 13:44:06	5	3600.553	-83	-84	102400	4096	3.0456395	0.02210168	0.1358448	0.150405	3.0223627E-4	0.0014794099	0.029121319	0.38964972	-0.55932516	0.94897485	1.1346011	2.283331	2.5906699	2.8683448	1.7444818	0.001137181	1.5274284E-4	23.0
2020-05-31 14:13:58	5	3600.8186	-83	-84	102400	4096	3.0003886	0.022082731	0.13113065	0.14588532	3.0307233E-4	0.0013074043	0.027417175	0.41590685	-0.51408464	0.9299915	1.1350102	2.511798	2.8509164	3.171698	1.7392597	0.0011803743	1.600692E-4	22.996
2020-05-31 14:43:57	5	3601.1836	-83	-84	102400	4096	2.964077	0.022701336	0.13386446	0.14799334	2.1355196E-4	0.0013869758	0.028092578	0.33832383	-0.553704	0.89202785	1.1325402	2.0185375	2.2860749	2.5273612	1.757461	0.0012736353	1.8818412E-4	23.004
2020-05-31 15:13:52	5	3601.1257	-83	-84	102400	4096	2.91361	0.020679299	0.13582085	0.14982289	3.1856482E-4	0.0013725962	0.028621186	0.36981434	-0.3703795	0.74019384	1.1291864	2.1859484	2.4683433	2.7228098	1.6755891	0.0010877927	1.5215282E-4	23.004
2020-05-31 16:43:08	5	3601.3652	-83	-83	102400	4096	2.8528805	0.021532586	0.13374294	0.1474899	2.7142785E-4	0.0013327625	0.027804317	0.35461468	-0.53741056	0.89202523	1.1305605	2.1266723	2.4043317	2.6514647	1.7239646	0.0011688595	1.6916993E-4	23.016
2020-05-31 17:13:00	5	3601.3567	-120	-84	102400	4096	2.8246436	0.022739638	0.13260639	0.14712046	2.4012383E-4	0.0013570669	0.027876515	0.4208104	-0.52815276	0.94896317	1.1348702	2.5203872	2.860312	3.1733797	1.7463219	0.0011936226	1.7129195E-4	23.04
2020-05-31 18:12:39	5	3601.5315	-83	-84	102400	4096	2.7640102	0.020412235	0.13478298	0.14936526	2.9594448E-4	0.0014320639	0.02873303	0.36756006	-0.58140075	0.9489608	1.1348569	2.168391	2.4608135	2.727051	1.7346008	0.0012046638	1.7887657E-4	23.06
2020-05-31 18:42:31	5	3602.1443	-83	-84	102400	4096	2.7368548	0.0216017	0.13473523	0.14880064	2.0064828E-4	0.0014013376	0.028356146	0.37570706	-0.5352868	0.9109938	1.1316674	2.2311344	2.524902	2.7884843	1.7428032	0.0011505595	1.6824574E-4	23.052
2020-05-31 19:12:28	5	3600.4465	-85	-85	102400	4096	2.7047544	0.02165109	0.1315808	0.14569978	2.2630738E-4	0.001300931	0.027350146	0.38890892	-0.50312895	0.89203787	1.1350654	2.351625	2.6692483	2.9556663	1.7391416	0.0010677223	1.3912389E-4	23.044
2020-05-31 21:11:26	5	3601.9019	-83	-84	102400	4096	2.654443	0.022291448	0.133937	0.14818904	3.1165226E-4	0.0013402762	0.028089356	0.40119302	-0.47184575	0.87303877	1.1309797	2.3937705	2.7073057	2.9953861	1.6986767	0.0011636709	1.605284E-4	23.1
2020-05-31 22:40:41	5	3602.0068	-83	-84	102400	4096	2.6106794	0.022986533	0.13526809	0.14949214	2.1418624E-4	0.0014534532	0.028698338	0.38801453	-0.54196	0.92997456	1.1332089	2.2904437	2.5955513	2.8684852	1.7647678	0.0012882918	1.8223342E-4	23.144
2020-05-31 23:10:39	5	3601.92	-83	-84	102400	4096	2.6102057	0.024115726	0.1327725	0.14645246	2.6793967E-4	0.001287909	0.027437782	0.33155513	-0.52250457	0.8540597	1.1310396	2.0016181	2.2639096	2.497167	1.7107524	0.001290505	1.7859238E-4	23.056
2020-06-01 00:11:25	5	3508.7793	-83	-84	102400	4096	2.5546253	0.024731928	0.12624408	0.13929585	3.1593695E-4	0.0010901949	0.024887498	0.35341734	-0.52089626	0.8743136	1.1325371	2.2402537	2.5371704	2.7994764	1.7601174	0.001378634	1.9310862E-4	23.592
2020-06-01 00:39:58	5	3598.9163	-83	-84	102400	4096	2.5908449	0.02255205	0.13044907	0.14378875	4.1549647E-4	0.0011862158	0.026399134	0.37003064	-0.46508813	0.8351188	1.1299778	2.2774184	2.5734324	2.836591	1.7020969	0.0011962103	1.6668664E-4	23.008
2020-06-01 01:09:56	5	3601.077	-83	-84	102400	4096	2.619488	0.023043267	0.13132402	0.14612874	2.9297953E-4	0.0012796425	0.027337484	0.39822793	-0.5507393	0.9489672	1.1314715	2.4085321	2.7251854	3.0324073	1.7122673	0.0012495879	1.7609961E-4	23.052
2020-06-01 01:39:53	5	3602.1204	-83	-83	102400	4096	2.6428735	0.021347638	0.13376482	0.14769298	1.2106836E-4	0.0013771325	0.02795473	0.39377347	-0.5741578	0.9679313	1.1320558	2.3551512	2.6661625	2.9437747	1.7622403	0.0010800895	1.4047351E-4	23.088
2020-06-01 02:09:51	5	3603.191	-83	-84	102400	4096	2.6482422	0.022935254	0.13008712	0.14376852	2.716585E-4	0.0012332948	0.026569836	0.38835502	-0.54160285	0.92995787	1.1337849	2.3825085	2.701252	2.9853454	1.746985	0.0012188593	1.6268768E-4	23.104
2020-06-01 02:39:47	5	3603.3792	-83	-120	102400	4096	2.6622045	0.020499423	0.13752568	0.15247342	3.1557993E-4	0.0015219529	0.029883282	0.4123415	-0.5555712	0.9679127	1.1337571	2.3852994	2.7043502	2.9982872	1.7042944	0.0010761829	1.4672591E-4	23.04
2020-06-01 03:09:45	5	3603.2903	-83	-83	102400	4096	2.6891656	0.021472527	0.12876749	0.1426393	1.7964048E-4	0.0012259475	0.02626583	0.40436327	-0.544572	0.9489353	1.1362042	2.4950323	2.834866	3.1402593	1.777009	0.0011754942	1.7250737E-4	23.068
2020-06-01 03:39:42	5	3603.4673	-83	-83	102400	4096	2.7113297	0.02057541	0.13163683	0.14613183	2.2064471E-4	0.0012935769	0.027445707	0.40116963	-0.50980586	0.91097546	1.133685	2.4215355	2.7452583	3.0475485	1.7172891	0.0011142902	1.6234723E-4	23.076
2020-06-01 04:09:39	5	3603.7798	-83	-84	102400	4096	2.7343912	0.022952685	0.12854598	0.14292908	2.6514425E-4	0.0012002519	0.026341947	0.34013605	-0.47594213	0.8160782	1.1355423	2.095698	2.379754	2.6460264	1.7297233	0.0011966779	1.6913234E-4	23.044
2020-06-01 04:39:32	5	3603.7534	-83	-83	102400	4096	2.7513971	0.02139897	0.13150278	0.14643595	2.4266382E-4	0.0013364656	0.027621273	0.3610886	-0.5309042	0.8919928	1.1349432	2.1726608	2.4658468	2.7458632	1.7517431	0.0012507747	1.8140532E-4	23.06
2020-06-01 05:09:28	5	3603.8496	-83	-83	102400	4096	2.7684162	0.022336844	0.13181956	0.14678915	2.4855285E-4	0.0013333553	0.027809588	0.36304346	-0.5099696	0.873013	1.1360654	2.1770146	2.4732308	2.754094	1.7240775	0.0011625909	1.518485E-4	23.036
2020-06-01 05:39:26	5	3604.042	-83	-83	102400	4096	2.7890456	0.021279315	0.13296962	0.14792812	1.8583325E-4	0.0013818145	0.028187474	0.43729743	-0.5495838	0.98688126	1.1349516	2.604647	2.9561481	3.288702	1.7391514	0.001187353	1.6689276E-4	23.064
2020-06-01 06:09:22	5	3603.8608	-83	-83	102400	4096	2.802504	0.020467049	0.1322225	0.14615087	2.9143417E-4	0.0012977743	0.027379667	0.36691225	-0.52507913	0.8919914	1.1321727	2.2174208	2.510503	2.7749608	1.7311825	0.0011694534	1.6882784E-4	23.032
2020-06-01 06:39:19	5	3603.8843	-83	-84	102400	4096	2.808911	0.021889048	0.13434687	0.15065147	2.5282707E-4	0.0014796552	0.029314509	0.3605042	-0.5504655	0.91096973	1.1364961	2.1055667	2.3929684	2.683384	1.7218497	0.0011182065	1.5334754E-4	23.04
2020-06-01 07:09:17	5	3603.6377	-83	-83	102400	4096	2.8002152	0.021736465	0.1341077	0.1481989	2.5909542E-4	0.001356153	0.028172655	0.3881903	-0.4468684	0.8350587	1.13258	2.312761	2.6193871	2.8946161	1.7086502	0.0012491045	1.8572203E-4	23.028
2020-06-01 07:39:16	5	3603.473	-83	-84	102400	4096	2.7868178	0.021222565	0.12647402	0.14040968	2.3321366E-4	0.0010951448	0.025349868	0.3826172	-0.37652877	0.759146	1.133942	2.4031267	2.725006	3.025263	1.7041981	0.0011285696	1.5593928E-4	23.032
2020-06-01 08:09:06	5	3603.679	-83	-84	102400	4096	2.7627985	0.019745002	0.13243106	0.14643957	3.1953322E-4	0.0012962507	0.027534343	0.38764787	-0.4853673	0.87301517	1.1331278	2.3361464	2.6471524	2.9271674	1.7097774	0.0011252213	1.6963422E-4	23.012
2020-06-01 08:39:02	5	3603.6726	-83	-84	102400	4096	2.741281	0.021749867	0.13224684	0.14632133	2.1848865E-4	0.0013481998	0.027629199	0.40916574	-0.53976405	0.9489298	1.1359953	2.4615867	2.7963507	3.0939548	1.7661098	0.001142245	1.6689426E-4	23.056
2020-06-01 09:08:59	5	3603.8542	-83	-84	102400	4096	2.7191396	0.022168264	0.13226858	0.14623383	2.2090893E-4	0.0013254684	0.027466886	0.3933413	-0.5745642	0.9679055	1.1333313	2.3733668	2.6898108	2.9738078	1.7569143	0.0012237752	1.7143479E-4	22.972
2020-06-01 09:38:58	5	3603.8728	-83	-84	102400	4096	2.6937058	0.02136228	0.13092504	0.14514518	1.9512663E-4	0.0012764958	0.027040018	0.3997957	-0.5301526	0.92994833	1.1329242	2.4312782	2.754454	3.053623	1.745844	0.0011572785	1.622662E-4	23.08
2020-06-01 10:08:54	5	3603.7893	-83	-83	102400	4096	2.6685174	0.02137427	0.13260473	0.14620848	1.836476E-4	0.0013102303	0.0273598	0.40600973	-0.5429184	0.9489281	1.131316	2.4545958	2.7769234	3.061804	1.7503377	0.0011721981	1.7397922E-4	23.1
2020-06-01 10:38:52	5	3603.701	-83	-84	102400	4096	2.6298456	0.022645501	0.13613984	0.15028913	2.884137E-4	0.0014329783	0.028867386	0.3687712	-0.5611795	0.9299507	1.1305145	2.1704674	2.453745	2.7087674	1.7195892	0.0013623784	2.0428347E-4	23.096
2020-06-01 11:08:49	5	3604.054	-83	-83	102400	4096	2.586356	0.02268981	0.1310848	0.14460477	4.042236E-4	0.0012127942	0.026688594	0.4122446	-0.5556581	0.96790266	1.1297444	2.5234349	2.8508365	3.1448696	1.7026906	0.0012527986	1.659349E-4	23.128
2020-06-01 11:38:40	5	3603.6724	-83	-83	102400	4096	2.5224202	0.02209311	0.12658446	0.14067224	2.827259E-4	0.0011543395	0.02552983	0.34334764	-0.5296677	0.8730153	1.1358359	2.1488698	2.4407635	2.7123997	1.7710781	0.0011812444	1.6304714E-4	23.152
2020-06-01 12:09:13	5	3512.4202	-83	-84	102400	4096	2.382399	0.022607245	0.12416913	0.13762015	1.8363359E-4	0.001055458	0.024483548	0.37342766	-0.538846	0.91227365	1.1369861	2.3865433	2.7134664	3.0074112	1.7607279	0.001119011	1.5653984E-4	23.756
2020-06-01 12:38:34	5	3600.7175	-83	-83	102400	4096	2.3642251	0.02055965	0.12763195	0.1417762	1.7253513E-4	0.001166957	0.02603424	0.3308569	-0.42832115	0.75917804	1.1380703	2.0505376	2.3336558	2.5922735	1.7217302	0.0011288295	1.6314308E-4	23.164
2020-06-01 13:08:31	5	3602.5796	-120	-83	102400	4096	2.3138192	0.02249511	0.13078935	0.14648537	1.4341413E-4	0.0013511693	0.027904488	0.3622071	-0.52980167	0.8920088	1.140362	2.168303	2.4726505	2.769393	1.7352484	0.0012530899	1.7882121E-4	23.296
2020-06-01 13:38:29	5	3603.5073	-85	-86	102400	4096	2.2172394	0.022761177	0.12951109	0.1436899	2.3560826E-4	0.0012261751	0.026607813	0.38283476	-0.4901828	0.87301755	1.1352156	2.346966	2.6643124	2.956	1.7319452	0.0012604493	1.8443807E-4	23.628
2020-06-01 14:08:27	5	3604.0671	-83	-83	102400	4096	0.50972694	0.023983568	0.12612958	0.14021707	1.4747426E-4	0.0011548182	0.025486497	0.36328313	-0.49074847	0.8540316	1.1385555	2.27557	2.5908628	2.8802373	1.7778425	0.001244689	1.7350655E-4	24.296
2020-06-01 14:38:24	5	3605.2488	-69	-70	102400	4096	-0.48332632	0.02262259	0.11716804	0.13069718	4.6208308E-5	9.482049E-4	0.022487896	0.33150122	-0.50353694	0.8350381	1.1473825	2.2106028	2.536407	2.8292801	1.8750141	0.0011741511	1.6307119E-4	25.132
2020-06-01 15:08:22	5	3606.0317	-73	-74	102400	4096	3.4446118	0.021826593	0.13608629	0.15065819	1.5756888E-4	0.0014979765	0.02932815	0.40790468	-0.4271235	0.8350282	1.1367098	2.3818607	2.7074842	2.9973972	1.7415488	0.0010801535	1.4438044E-4	25.472
2020-06-01 15:38:19	5	3606.1382	-75	-75	102400	4096	3.8582785	0.02192555	0.129407	0.14320914	1.9744845E-4	0.0012049583	0.026385447	0.41174474	-0.49919352	0.91093826	1.1342571	2.5348125	2.875129	3.181781	1.730785	0.0011808143	1.6112735E-4	25.12
2020-06-01 16:08:21	5	3606.1777	-73	-74	102400	4096	4.061621	0.02123472	0.1320542	0.14628951	9.6099946E-5	0.0013153884	0.027425736	0.43613407	-0.56969285	1.005827	1.1320509	2.6335459	2.981308	3.3026903	1.7487891	0.0011377251	1.5372002E-4	25.008
2020-06-01 16:38:15	5	3606.2554	-89	-89	102400	4096	2.399734	0.023027694	0.12709692	0.14119929	1.3163063E-4	0.0011877123	0.025876159	0.35205382	-0.539905	0.89195883	1.1392456	2.1885636	2.4933114	2.7699635	1.7738286	0.0013060335	1.8854496E-4	25.068
2020-06-01 17:08:20	5	3606.2778	-89	-90	102400	4096	4.001489	0.022079328	0.13326056	0.14858392	1.3896558E-4	0.0014228098	0.028589383	0.36341444	-0.54752195	0.91093636	1.1379695	2.1493134	2.4458532	2.7270966	1.7407535	0.0011929384	1.5778166E-4	25.964
2020-06-01 17:38:13	5	3605.4128	-73	-73	102400	4096	1.876116	0.022223841	0.12155173	0.13603309	6.624701E-5	0.0011210813	0.024479128	0.32534268	-0.45275912	0.7781018	1.1501471	2.0794241	2.3916438	2.676578	1.8708767	0.0012743957	1.9065621E-4	27.156
2020-06-01 18:08:13	5	3606.271	-91	-91	102400	4096	1.276348	0.02358186	0.124661714	0.14075664	4.9678492E-5	0.0015147454	0.027186116	0.39370224	-0.42234507	0.8160473	1.1713986	2.38778	2.7970421	3.1581647	2.0494876	0.0012291137	1.6262887E-4	27.996
2020-06-01 18:38:33	5	3606.5112	-75	-76	102400	4096	0.34346715	0.029065955	0.14988288	0.17432132	0.0010180209	0.0051506194	0.04525438	0.54848826	-0.7420004	1.2904886	1.220337	2.5783212	3.1464207	3.6594455	2.5150015	0.002080497	3.326249E-4	28.464
2020-06-01 19:08:17	5	3606.6821	-79	-79	102400	4096	1.4435812	0.022501867	0.12078415	0.13524787	1.0741685E-4	0.0010132788	0.02386676	0.34032488	-0.47571725	0.8160421	1.1422635	2.2029111	2.516305	2.8176286	1.7788613	0.0012216422	1.756455E-4	28.708
2020-06-01 19:38:23	5	3607.093	-83	-84	102400	4096	-6.3023815	0.022310045	0.12064356	0.13494948	6.543259E-5	0.0010127012	0.023770103	0.34341303	-0.47262415	0.8160372	1.1424687	2.2274156	2.5447526	2.8465092	1.792335	0.0011303662	1.5180265E-4	28.304
2020-06-01 20:08:18	5	3607.5918	-83	-83	102400	4096	-5.7573013	0.02134058	0.1238111	0.1372135	1.078709E-4	0.0010517137	0.024353052	0.3297474	-0.543216	0.8729634	1.1373125	2.1130254	2.4031703	2.6633105	1.773335	0.0011774648	1.6979515E-4	28.016
2020-06-01 20:38:13	5	3607.9875	-83	-84	102400	4096	-5.0666184	0.02281723	0.11795021	0.13178073	3.7426616E-5	8.8388176E-4	0.022495259	0.32228148	-0.39885795	0.72113943	1.1381345	2.1487696	2.4455888	2.732352	1.7466753	0.0012784565	1.8155444E-4	27.632
2020-06-01 21:38:17	5	3607.7122	-83	-84	102400	4096	-3.8866663	0.021529693	0.1253044	0.13942549	6.354235E-5	0.0011173518	0.02522105	0.33788723	-0.45916468	0.7970519	1.1390412	2.1276011	2.4234252	2.6965313	1.7565626	0.0011457066	1.6491955E-4	26.984
2020-06-01 22:08:20	5	3607.7766	-85	-85	102400	4096	-3.4482176	0.021638155	0.12518741	0.13873817	1.8629845E-4	0.0010689336	0.024825925	0.3359224	-0.5560158	0.8919382	1.1356821	2.1319952	2.421269	2.6833558	1.7343624	0.0010806001	1.4395066E-4	26.344
2020-06-01 22:38:13	5	3607.1763	-85	-85	102400	4096	-3.1087978	0.022112174	0.13392387	0.14872693	1.3039904E-4	0.001400018	0.028522225	0.37602583	-0.47796544	0.85399127	1.1355392	2.2265167	2.528297	2.8077579	1.7209442	0.0012272443	1.8500992E-4	25.936
2020-06-01 23:08:10	5	3606.971	-85	-86	102400	4096	-2.8562696	0.022247799	0.1302508	0.14406376	1.8288752E-4	0.0012138378	0.026667504	0.35122073	-0.48379552	0.83501625	1.133539	2.1507454	2.4379535	2.696496	1.7068522	0.0011710894	1.5747965E-4	25.736
2020-06-01 23:38:12	5	3607.0776	-85	-86	102400	4096	-2.6731606	0.021938236	0.12744759	0.14187111	9.322718E-5	0.0011647452	0.026029008	0.31993675	-0.40121245	0.7211492	1.1371948	1.9830575	2.2551227	2.5103397	1.7191576	0.0011873282	1.6322499E-4	25.328
2020-06-02 00:08:50	5	3503.4912	-85	-86	102400	4096	-2.6079192	0.023852887	0.12774369	0.14180277	-1.1255998E-5	0.0011801977	0.025944725	0.34591538	-0.5094642	0.8553796	1.1358992	2.1475601	2.4394119	2.7078865	1.7533016	0.0013141385	1.9828076E-4	25.896
2020-06-02 01:08:05	5	3605.4548	-79	-80	102400	4096	-1.0920782	0.022476062	0.12391432	0.13745911	1.6028815E-4	0.0010610118	0.024479782	0.332955	-0.50208056	0.83503556	1.1382304	2.1280499	2.4222112	2.6869779	1.7705374	0.0011692129	1.6002449E-4	25.264
2020-06-02 01:38:02	5	3606.3433	-79	-80	102400	4096	-0.9515738	0.021552553	0.12000078	0.1337839	1.8086449E-4	9.489996E-4	0.023251558	0.34428346	-0.5097186	0.85400206	1.1397829	2.2578242	2.5734296	2.8690102	1.7553427	0.0011742604	1.7651031E-4	25.048
2020-06-02 02:08:05	5	3606.5476	-81	-81	102400	4096	-0.5948065	0.022992777	0.12256838	0.13602275	4.10156E-5	0.0010245424	0.024021927	0.32911777	-0.5059039	0.8350217	1.1394423	2.1234765	2.419579	2.685177	1.7754738	0.0011864661	1.6347549E-4	24.952
2020-06-02 02:38:02	5	3606.6658	-79	-80	102400	4096	-0.19039352	0.02226314	0.1132908	0.1268561	9.2919974E-5	7.5736525E-4	0.020883203	0.3042599	-0.3220052	0.6262651	1.1391664	2.105456	2.3984647	2.685654	1.7366456	0.0012120514	1.7664145E-4	24.436
2020-06-02 03:07:56	5	3606.462	-79	-80	102400	4096	0.31542698	0.021381345	0.1255777	0.13891396	1.7080465E-4	0.0011192258	0.024953688	0.34879562	-0.54316044	0.8919561	1.1371597	2.2080233	2.5108752	2.7775283	1.7974144	0.0011186558	1.5507764E-4	23.984
2020-06-02 03:37:52	5	3606.3147	-120	-80	102400	4096	0.6781795	0.021708848	0.13180257	0.14608288	2.1697982E-4	0.0013545856	0.027559051	0.3656013	-0.5263568	0.8919581	1.1364042	2.2022955	2.502698	2.7738554	1.7835199	0.0011164773	1.586002E-4	23.408
2020-06-02 04:07:48	5	3606.2095	-79	-80	102400	4096	0.9817244	0.021275714	0.13259529	0.14739627	1.6800723E-4	0.001370994	0.028110651	0.38468167	-0.48830003	0.87298167	1.1374936	2.2943838	2.6098468	2.9011717	1.734977	0.0011679144	1.595901E-4	23.136
2020-06-02 04:37:46	5	3606.1782	-79	-80	102400	4096	1.1222798	0.021910815	0.12567224	0.13950427	1.6075723E-4	0.0011057265	0.02514962	0.35799414	-0.5339657	0.89195985	1.1367846	2.2574089	2.5661876	2.8486335	1.7481751	0.0012032855	1.6923617E-4	23.04
2020-06-02 05:07:43	5	3605.8909	-79	-80	102400	4096	1.1685157	0.021623872	0.12506275	0.13843103	2.412854E-4	0.0010697213	0.02475878	0.38767666	-0.44735336	0.83503	1.1366616	2.4637976	2.8005042	3.099857	1.745067	0.0012283064	1.7693873E-4	23.024
2020-06-02 05:37:39	5	3605.8354	-79	-80	102400	4096	1.1592454	0.022278262	0.12704118	0.14163938	2.7275106E-4	0.0011748369	0.025966605	0.34001422	-0.49501646	0.8350307	1.137689	2.1100342	2.4005628	2.6764097	1.7423974	0.0011481324	1.5172703E-4	23.128
2020-06-02 06:07:37	5	3605.7139	-120	-80	102400	4096	1.1283388	0.022607395	0.13023454	0.14450954	1.3653772E-4	0.0013168964	0.027064735	0.38990158	-0.59695464	0.9868562	1.1384275	2.3700259	2.6981027	2.9938414	1.797811	0.0011775712	1.6932031E-4	23.068
2020-06-02 06:37:35	5	3605.4885	-79	-80	102400	4096	1.0817314	0.023276249	0.12944831	0.14446704	2.5701156E-4	0.0012506406	0.026911063	0.398558	-0.51238936	0.9109474	1.1355249	2.4295514	2.7588162	3.078897	1.7269144	0.001280417	1.8628393E-4	23.156
2020-06-02 07:07:31	5	3605.4246	-81	-81	102400	4096	1.0340927	0.022498257	0.1321797	0.14605814	2.1267169E-4	0.0012786557	0.0273611	0.3702859	-0.5216843	0.89197016	1.1325073	2.2385685	2.535195	2.8013825	1.7079945	0.0011597521	1.5482027E-4	23.2
2020-06-02 07:37:24	5	3605.225	-79	-80	102400	4096	0.99402213	0.02281262	0.13085815	0.14519161	1.5727027E-4	0.0013250662	0.02729732	0.3913826	-0.55752474	0.9489074	1.1379377	2.3688715	2.6956282	2.990892	1.7782693	0.0012025846	1.6248654E-4	23.272
2020-06-02 08:07:21	5	3605.2773	-81	-81	102400	4096	0.9598505	0.021917447	0.13540894	0.1501791	2.1107684E-4	0.0015010415	0.029183744	0.42555305	-0.56130975	0.9868628	1.1375251	2.4910545	2.833637	3.142725	1.7624252	0.001122219	1.5719433E-4	23.244
2020-06-02 08:37:18	5	3605.26	-81	-81	102400	4096	0.947818	0.021141361	0.13341706	0.14817394	2.6873808E-4	0.001355338	0.02820891	0.39962965	-0.34051764	0.7401473	1.1334994	2.379384	2.6970305	2.9953415	1.7032368	0.0010781599	1.4851982E-4	23.268
2020-06-02 09:07:20	5	3605.678	-75	-75	102400	4096	5.614555	0.021609906	0.13046405	0.14423111	2.4392837E-4	0.0012024663	0.026592407	0.3635197	-0.52844715	0.8919668	1.1306283	2.2292004	2.5203972	2.786359	1.7004254	0.0011623573	1.5772805E-4	24.976
2020-06-02 09:37:18	5	3605.8064	-77	-77	102400	4096	6.2280803	0.022948803	0.13170785	0.14551686	2.7270018E-4	0.0012641725	0.027006902	0.45216778	-0.53468674	0.98685455	1.1293384	2.7514539	3.1073225	3.433112	1.7332324	0.0012825973	1.7699915E-4	24.236
2020-06-02 10:07:14	5	3605.9893	-77	-76	102400	4096	6.544169	0.02178474	0.13279308	0.14703117	2.019474E-4	0.0013091423	0.027697133	0.3637959	-0.5851	0.94889593	1.1318998	2.185951	2.4742775	2.73957	1.7065428	0.0011777551	1.663339E-4	24.016
2020-06-02 10:37:09	5	3605.778	-75	-76	102400	4096	6.961089	0.021703172	0.13698436	0.15147284	1.5703577E-4	0.0014601359	0.02933859	0.38339135	-0.52755165	0.91094303	1.1307976	2.2383227	2.5310898	2.7987964	1.6963472	0.001116693	1.541882E-4	23.64
2020-06-02 11:07:06	5	3605.4954	-79	-79	102400	4096	3.127707	0.022657441	0.13713655	0.15236335	3.5919444E-4	0.0015101245	0.029822946	0.3642576	-0.47077748	0.8350351	1.1334301	2.1092758	2.3907168	2.6561675	1.6978984	0.0012098385	1.6806385E-4	23.04
2020-06-02 11:37:20	5	3605.3667	-79	-79	102400	4096	3.1986215	0.022462694	0.13527112	0.1487598	2.9084805E-4	0.001350177	0.02814806	0.40721837	-0.5227087	0.9299271	1.1278172	2.4271865	2.7374222	3.0103867	1.7040946	0.0011581024	1.6182175E-4	22.88
2020-06-02 12:07:30	5	3508.792	-83	-83	102400	4096	0.9819644	0.02154445	0.12744555	0.14098689	1.4463499E-4	0.0011658209	0.025620986	0.34851235	-0.52580094	0.8743133	1.1353223	2.17731	2.4719486	2.734598	1.7759886	0.0011059078	1.5121694E-4	22.872
2020-06-02 12:36:52	5	3601.3018	-81	-82	102400	4096	1.1322744	0.023155458	0.13243008	0.14656991	1.92624E-4	0.0013378842	0.027673544	0.38606808	-0.52493745	0.9110055	1.1349783	2.3207667	2.6340199	2.9152596	1.746984	0.0013543048	1.8943338E-4	22.524
2020-06-02 13:06:52	5	3603.354	-81	-82	102400	4096	0.96972936	0.02297792	0.13097022	0.14527902	2.3286427E-4	0.0012870313	0.027199708	0.35877877	-0.55219823	0.910977	1.1352178	2.1754274	2.4695842	2.7393918	1.7396451	0.0012159813	1.6733202E-4	22.732
2020-06-02 13:36:42	5	3604.0542	-83	-83	102400	4096	1.3496315	0.022399278	0.131309	0.14593215	3.194869E-4	0.001284841	0.027392974	0.37741056	-0.49559972	0.8730103	1.134145	2.280313	2.5862055	2.8742168	1.7122653	0.0012480764	1.8174361E-4	23.036
2020-06-02 14:06:38	5	3604.789	-83	-84	102400	4096	1.3087826	0.022308366	0.13020399	0.14518115	2.5202325E-4	0.0012986659	0.027185384	0.39926195	-0.56863	0.96789193	1.135684	2.4215317	2.750095	3.0664341	1.7572215	0.001179707	1.6387476E-4	22.996
2020-06-02 14:36:35	5	3605.019	-83	-83	102400	4096	1.6479625	0.021808762	0.13430385	0.14880452	2.1507654E-4	0.0013704727	0.02834948	0.38270554	-0.52824837	0.9109539	1.1315049	2.272962	2.571868	2.84955	1.7052194	0.0011369572	1.60764E-4	22.644
2020-06-02 15:06:33	5	3604.8823	-83	-83	102400	4096	1.974011	0.022300959	0.1265987	0.14063162	2.0783495E-4	0.0011592468	0.025434826	0.39826968	-0.55064243	0.94891214	1.134048	2.4972548	2.832007	3.1459224	1.7919191	0.0011407719	1.412558E-4	22.072
2020-06-02 15:36:30	5	3604.7593	-83	-83	102400	4096	2.0849838	0.020360908	0.13120481	0.14587335	2.5542203E-4	0.0013282514	0.02744933	0.45810586	-0.547743	1.0058489	1.1357687	2.7650309	3.1404355	3.4915323	1.7628558	0.0011192523	1.5896656E-4	21.984
2020-06-02 16:06:22	5	3604.2708	-81	-82	102400	4096	2.0475476	0.021452406	0.13438724	0.14894022	2.7448876E-4	0.0013808281	0.028423024	0.34373364	-0.51029533	0.85402894	1.1319394	2.0388575	2.307863	2.5577848	1.7092241	0.0012075894	1.7628755E-4	22.088
2020-06-02 17:06:02	5	3604.9778	-75	-75	102400	4096	-4.006035	0.021954816	0.12925085	0.14509948	8.80921E-5	0.0015430093	0.028149202	0.4001735	-0.54873747	0.94891095	1.1562911	2.3851476	2.757925	3.0960994	1.9473156	0.0013214898	2.1556215E-4	23.98
2020-06-02 17:35:59	5	3605.6074	-85	-85	102400	4096	-11.712372	1.9970998	1.5728965	1.8507637	-0.13684602	79.00446	5.308538	8.315303	-7.379532	15.694836	1.2449058	3.609031	4.4929037	5.286618	2.8035076	0.052763578	0.0065708477	29.116
2020-06-02 18:06:02	5	3606.7285	-85	-85	102400	4096	-11.02845	1.908596	1.4711075	1.74338	1.3771567	73.89516	4.848378	8.599303	-7.7215285	16.320831	1.2630082	3.9053955	4.9325466	5.8454623	3.1435688	0.048053306	0.0057481145	28.748
2020-06-02 18:36:03	5	3607.1643	-85	-85	102400	4096	-12.873169	1.7603263	1.4078113	1.6563555	1.8266605	50.619015	4.2364078	7.5784225	-6.104416	13.682838	1.24264	3.6819675	4.57536	5.3831244	2.8204484	0.048443217	0.006435675	30.0
2020-06-02 19:06:06	5	3607.9097	-85	-85	102400	4096	-12.0016165	1.6956694	1.4484142	1.6908813	-1.163005	49.002457	4.3084674	7.0485225	-7.86769	14.916212	1.2275758	3.3957574	4.1685495	4.866372	2.639807	0.042734955	0.0051927296	29.896
2020-06-02 19:36:07	5	3608.6028	-85	-120	102400	4096	-11.8165	1.7949033	1.4329525	1.6937764	0.67179114	66.404305	4.5784736	8.5714035	-5.908178	14.479582	1.2632936	4.005821	5.0605283	5.9816384	3.1677783	0.04744198	0.005927653	29.764
2020-06-02 20:06:10	5	3609.6013	-83	-84	102400	4096	-9.889717	1.9685073	1.5773374	1.8633509	-0.9757649	91.1461	5.448094	8.618266	-9.257957	17.876223	1.252644	3.6923053	4.625144	5.4638066	3.0707817	0.05208073	0.006871503	28.464
2020-06-02 20:36:08	5	3609.1138	-83	-84	102400	4096	-9.725725	1.8266212	1.4574475	1.7288458	0.2035503	68.285515	4.7595615	7.33462	-7.315644	14.650264	1.2619066	3.3619723	4.242495	5.0325103	3.014357	0.0490398	0.006434161	28.316
2020-06-02 21:06:09	5	3608.8806	-83	-84	102400	4096	-9.389824	1.76451	1.4506377	1.7089603	0.1927319	58.812233	4.5519905	6.657123	-6.4180927	13.075215	1.2484429	3.120225	3.8954227	4.5891013	2.8383434	0.04843489	0.0062360694	28.04
2020-06-02 21:36:12	5	3608.7717	-120	-84	102400	4096	-10.380078	1.8318789	1.3788877	1.64964	-0.32188582	61.433815	4.400438	8.083846	-7.2306914	15.314537	1.2716241	3.8536308	4.90037	5.862585	3.1726031	0.051869858	0.0072675943	28.956
2020-06-02 22:06:14	5	3609.1501	-83	-84	102400	4096	-9.68562	1.7427261	1.3751127	1.6182802	-0.62880224	53.18349	4.0994515	6.2887344	-8.55129	14.840025	1.2511494	3.1059926	3.8860605	4.5732503	3.1646476	0.046924263	0.0056466428	28.356
2020-06-02 22:36:13	5	3608.9265	-83	-84	102400	4096	-8.982306	1.8434768	1.4021214	1.6741973	-2.1643221	62.994	4.5015116	6.344492	-7.6416144	13.986107	1.2672799	2.99032	3.7895725	4.5249233	3.1087258	0.050926413	0.0071849646	28.0
2020-06-02 23:06:13	5	3609.3203	-85	-85	102400	4096	-10.257601	1.8155107	1.4106369	1.6857764	1.4644343	65.47419	4.588895	7.467987	-6.954506	14.422493	1.2707324	3.4861774	4.429999	5.294053	3.1092374	0.045863334	0.0052935015	28.932
2020-06-02 23:36:15	5	3609.5027	-121	-84	102400	4096	-8.863978	1.9289544	1.5365934	1.8176354	-0.1763174	78.6718	5.197227	6.8144717	-7.9116106	14.726083	1.2542355	2.9891407	3.7490864	4.4347916	2.9125655	0.05333324	0.007035558	27.956
2020-06-03 00:06:54	5	3520.647	-85	-85	102400	4096	-9.302423	1.8440673	1.4642551	1.7233051	0.48532048	60.635918	4.6087265	6.889016	-6.7362757	13.625292	1.2457426	3.208978	3.9975603	4.7047925	2.8547502	0.04743364	0.0059486646	28.436
2020-06-03 00:36:15	5	3606.336	-83	-84	102400	4096	-9.667891	1.9847159	1.539268	1.8072146	0.24618553	73.28335	5.060298	7.029973	-8.285131	15.3151045	1.244739	3.125112	3.889949	4.567088	2.8618913	0.050681286	0.006221572	28.752
2020-06-03 01:06:16	5	3607.363	-83	-84	102400	4096	-10.021052	1.7983607	1.3872056	1.6609145	-0.38220656	73.345955	4.559997	9.261951	-8.330218	17.592169	1.2856863	4.3373075	5.5764165	6.676697	3.5273378	0.051089987	0.0071330355	28.956
2020-06-03 01:36:19	5	3608.6562	-83	-84	102400	4096	-9.744098	1.6521728	1.3685582	1.6051158	-0.039187334	46.592945	3.9941926	6.85957	-8.018521	14.878092	1.2451112	3.4322777	4.273567	5.012261	2.9205332	0.04453502	0.005749134	28.58
2020-06-03 02:06:16	5	3608.781	-83	-84	102400	4096	-9.213526	1.6549845	1.2839254	1.5166086	-0.5345108	42.462536	3.6580606	7.334791	-7.562248	14.897039	1.261107	3.834973	4.8363113	5.712786	3.1732488	0.046223212	0.0063051414	28.212
2020-06-03 02:36:19	5	3609.514	-83	-84	102400	4096	-9.921078	1.7122431	1.3317902	1.5748732	0.884192	47.26037	3.9217975	6.71398	-7.0632553	13.777235	1.2574681	3.3902948	4.2631874	5.04132	3.0727468	0.049900025	0.0071632983	28.96
2020-06-03 03:06:21	5	3609.7842	-83	-84	102400	4096	-9.944049	1.6688701	1.3297396	1.5635912	-0.16500962	40.464027	3.7924647	5.996868	-6.4139795	12.410848	1.2454823	3.0793831	3.8353171	4.5098066	2.8133645	0.048665613	0.006821023	28.852
2020-06-03 03:36:23	5	3609.7263	-120	-84	102400	4096	-8.107729	1.9172138	1.4968691	1.7744756	-0.16382682	73.01659	4.989226	7.2347937	-7.3584027	14.593196	1.2587706	3.2389896	4.0771446	4.833284	2.9332912	0.04798295	0.005645461	27.836
2020-06-03 04:06:22	5	3609.1853	-81	-82	102400	4096	-9.4555235	1.6701739	1.3036965	1.5459679	-0.40968847	44.173145	3.801887	6.722835	-7.471963	14.1947975	1.261244	3.4478855	4.348625	5.1567483	3.0560462	0.045279883	0.006033064	28.576
2020-06-03 04:36:23	5	3609.9001	-83	-84	102400	4096	-8.52262	1.9102137	1.4690405	1.74557	-0.8926274	75.868515	4.882935	7.061407	-8.594451	15.655858	1.2659112	3.1955879	4.0453305	4.8068156	3.1819966	0.048707996	0.006073895	28.02
2020-06-03 05:06:25	5	3609.5327	-83	-84	102400	4096	-8.029426	1.5540466	1.2673863	1.5003937	-0.12135691	38.217518	3.559093	6.1886663	-6.2222276	12.410894	1.2573738	3.2804046	4.124695	4.883015	3.0170593	0.044908963	0.0057964395	27.66
2020-06-03 05:36:21	5	3609.3438	-83	-84	102400	4096	-7.4658394	1.8523229	1.3940394	1.6614635	-1.2791333	67.958694	4.4989786	7.2760696	-8.266059	15.542129	1.2766333	3.4303615	4.3793135	5.2194147	3.3575091	0.04787087	0.005516705	27.108
2020-06-03 06:06:26	5	3608.5305	-83	-84	102400	4096	-7.410839	1.7308385	1.4055009	1.6531318	-0.44072738	56.61943	4.2810626	7.5057254	-7.979664	15.485389	1.2516079	3.6275787	4.5403066	5.340249	3.089316	0.044538032	0.005170334	27.024
2020-06-03 06:36:21	5	3608.8157	-83	-84	102400	4096	-7.3079386	1.8066715	1.4353032	1.7142998	-0.98492026	75.13973	4.8033605	6.586808	-8.651811	15.238619	1.2784561	3.0054011	3.8422735	4.589141	3.2567115	0.050098192	0.006840939	27.008
2020-06-03 07:06:23	5	3608.645	-83	-84	102400	4096	-7.4110165	1.9781008	1.5580074	1.8402553	0.880161	85.91361	5.3244276	8.359874	-8.055368	16.415243	1.253887	3.622958	4.54278	5.3657475	3.0305128	0.05226459	0.0068716034	27.028
2020-06-03 07:36:21	5	3608.2156	-83	-84	102400	4096	-9.36951	1.9639641	1.5254076	1.8216152	-1.573834	114.171715	5.5001936	8.9899645	-10.253001	19.242966	1.2874558	3.833266	4.9351606	5.893483	3.7740057	0.04985975	0.0061786496	28.44
2020-06-03 08:06:23	5	3609.0515	-83	-84	102400	4096	-7.1741557	1.6589284	1.3553615	1.5971549	-0.9836743	45.42169	3.982423	6.1873493	-6.337498	12.524848	1.2494724	3.1004944	3.8739822	4.5650916	2.8639703	0.049412392	0.006798588	26.98
2020-06-03 08:36:19	5	3608.451	-83	-84	102400	4096	-7.434217	1.7605441	1.4033756	1.6534582	-0.20168659	55.79361	4.2796173	6.8269463	-8.203008	15.029954	1.2511497	3.3000765	4.1288896	4.8646607	3.0463133	0.047936544	0.0061720717	27.032
2020-06-03 09:06:28	5	3608.5337	-83	-84	102400	4096	-8.2909155	1.7610874	1.3459494	1.6008646	0.10852383	55.55087	4.1441183	6.8296714	-7.289359	14.119031	1.271632	3.3549323	4.266239	5.074241	3.2346447	0.041127067	0.004227408	27.844
