2020-07-18 23:26:05	1	3649.98	-81	-81	6400	4096	-0.103292085	0.09184122	0.11039102	0.12765788	1.1448464E-4	0.00188068	0.025254408	0.6392296	-0.6623329	1.3015625	1.2448614	4.022428	5.0073647	5.790594	2.9487674	0.17150955	2.4713671	29.121695
2020-07-19 00:25:48	1	3654.42	-91	-92	6400	4096	-0.1011612	0.088640325	0.109936126	0.1279914	-1.3038273E-4	0.0019628883	0.025704386	0.48397368	-0.51133883	0.9953125	1.2526301	3.0186875	3.7812986	4.402317	2.9708526	0.11035074	1.2169231	28.858149
2020-07-19 01:25:37	1	3654.792	-97	-98	6400	4096	-0.39165384	0.08663437	0.10111182	0.12240354	2.6261952E-5	0.0016766717	0.023911487	0.62134135	-0.5270962	1.1484375	1.2633082	4.0181575	5.0761714	6.1450906	2.9324787	0.1465045	1.9046986	28.594604
2020-07-22 10:11:58	1	3658.284	-95	-96	3200	4096	-0.88547826	0.08566216	0.07791879	0.087455384	-3.2855016E-6	4.137869E-4	0.011503907	0.4261032	-0.41608432	0.8421875	1.2264112	3.972758	4.8722353	5.4685555	3.1266987	0.14197603	1.9833289	29.121695
2020-07-22 16:10:53	1	3658.176	-97	-97	3200	4096	-0.8778893	0.08406093	0.077235796	0.08697693	-1.2163334E-5	3.9924632E-4	0.011488002	0.41851425	-0.34711075	0.765625	1.2323048	3.9047031	4.8117843	5.4186563	3.025185	0.13137087	1.7310795	32.15246
2020-07-22 22:09:38	1	3658.044	-97	-97	3200	4096	-0.88359034	0.085074306	0.07898871	0.08870823	6.002598E-5	3.9985025E-4	0.011773994	0.34765285	-0.34140968	0.68906254	1.2232015	3.2039363	3.91906	4.401298	2.8843617	0.13098136	1.7854947	31.230053
2020-07-23 04:08:29	1	3658.224	-99	-99	3200	4096	-0.8828614	0.08489679	0.07753546	0.087151535	-1.8222241E-5	3.9009415E-4	0.011457446	0.34692386	-0.34213868	0.68906254	1.2281995	3.2410839	3.9806972	4.47439	2.9716234	0.1412961	1.8975774	29.121695
2020-07-23 10:07:08	1	3658.416	-99	-99	3200	4096	-0.8817024	0.08388241	0.0786018	0.08853021	-3.2646738E-5	4.3612003E-4	0.011916741	0.42232743	-0.34329757	0.765625	1.2330686	3.868749	4.7704325	5.3729997	3.0710793	0.13371228	1.7343814	28.331059
2020-07-23 16:05:59	1	3658.164	-101	-101	3200	4096	-0.88009495	0.085103676	0.07859426	0.08820416	-7.5890257E-6	4.01888E-4	0.011651937	0.42071992	-0.4214676	0.8421875	1.2237988	3.8975706	4.7698417	5.353061	2.9601164	0.13495836	1.7782438	31.888914
2020-07-23 22:05:53	1	3658.212	-97	-98	3200	4096	-0.88435674	0.08666313	0.078143276	0.0879531	9.322649E-5	4.2418513E-4	0.0117171025	0.42498168	-0.34064332	0.765625	1.2307192	3.9260886	4.8319125	5.4384933	3.0896904	0.1454409	2.0293252	32.020687
2020-07-24 04:04:11	1	3657.84	-95	-95	3200	4096	-0.880394	0.084352955	0.076880515	0.086412795	-3.037053E-5	4.0476414E-4	0.011325778	0.421019	-0.42116854	0.8421875	1.2315612	3.9561033	4.8721833	5.4762764	3.1554832	0.14121789	1.9632751	30.307644
2020-07-24 10:02:53	1	3658.26	-79	-80	3200	4096	-0.88702965	0.08485842	0.07726221	0.08723414	-5.2479418E-6	4.0638985E-4	0.0115804095	0.3510922	-0.33797035	0.68906254	1.2336031	3.2625651	4.0247107	4.544164	3.0303657	0.12924556	1.6545542	29.253468
2020-07-24 16:01:52	1	3658.296	-99	-100	3200	4096	-0.8771603	0.08497635	0.08020382	0.089965135	2.75086E-5	4.2609868E-4	0.012053289	0.41778526	-0.34783974	0.765625	1.2203336	3.8054	4.6438575	5.2090445	2.9329116	0.1251646	1.5646962	32.547775
2020-07-24 22:01:13	1	3657.84	-99	-99	3200	4096	-0.87134707	0.08537941	0.07795262	0.08842171	6.672019E-5	4.439592E-4	0.01199248	0.41197205	-0.43021548	0.8421875	1.2384987	3.761952	4.659173	5.284903	3.086918	0.1337187	1.7115786	32.943092
2020-07-25 04:00:22	1	3658.308	-97	-98	3200	4096	-0.8843193	0.084390245	0.07769896	0.08743109	5.2348976E-5	4.021423E-4	0.011559971	0.34838185	-0.4172432	0.76562506	1.2297376	3.2402399	3.984645	4.483739	3.0093057	0.13752161	1.8946531	30.834734
2020-07-25 09:59:11	1	3658.596	-99	-100	3200	4096	-0.8930485	0.083816044	0.07639038	0.08693	6.0689135E-6	4.066072E-4	0.0115711065	0.357111	-0.33195153	0.68906254	1.2374218	3.3198295	4.1080294	4.6748166	3.0368633	0.1313085	1.7638893	29.780556
2020-07-25 15:58:12	1	3658.284	-97	-100	3200	4096	-0.9162266	0.08445613	0.06307444	0.08272926	5.9763093E-5	3.93545E-4	0.011512615	0.30372658	-0.38533595	0.68906254	1.2969638	2.8307128	3.6713321	4.815367	2.9692476	0.13077708	1.618604	31.493595
2020-07-25 21:57:15	1	3658.5	-97	-97	3200	4096	-0.928825	0.08430165	0.07077972	0.08550338	-2.654934E-7	4.0430715E-4	0.011720872	0.39288753	-0.37273753	0.76562506	1.2661836	3.629011	4.5949945	5.550849	2.943009	0.13527757	1.7825102	31.09828
2020-07-26 03:56:06	1	3658.524	-97	-99	3200	4096	-0.9464329	0.084929585	0.07714475	0.08738425	-1.9210897E-6	4.048037E-4	0.011594132	0.33393288	-0.43169218	0.76562506	1.2322135	3.1012735	3.8214312	4.3286533	3.011397	0.1420237	1.7920299	29.912329
2020-07-26 09:54:50	1	3658.632	-97	-97	3200	4096	-0.94273186	0.084418535	0.07738641	0.087916926	8.862479E-6	3.8179502E-4	0.011607886	0.4067944	-0.35883066	0.76562506	1.225474	3.7757077	4.6270313	5.2566648	2.8335047	0.13324666	1.7774125	29.253468
2020-07-26 15:53:29	1	3659.388	-97	-101	3200	4096	-1.0441735	0.08439578	0.07679944	0.08709525	8.5271786E-5	4.135129E-4	0.0115888035	0.3551109	-0.33395162	0.68906254	1.2360181	3.2987144	4.0772705	4.6238737	3.0790153	0.13427526	1.6403106	27.80397
2020-07-26 21:51:58	1	3659.496	-101	-101	3200	4096	-1.0904548	0.0853317	0.07623156	0.08815904	-1.02821636E-4	4.1022873E-4	0.011953727	0.40139234	-0.3642326	0.76562494	1.2401803	3.6712792	4.5530477	5.265435	2.870909	0.14807454	1.9789312	27.013336
2020-07-27 03:50:22	1	3659.388	-99	-99	3200	4096	-1.1137825	0.08464044	0.080136605	0.09003573	7.575573E-5	4.305839E-4	0.01213123	0.3481575	-0.34090498	0.6890625	1.2233129	3.1609917	3.8668816	4.34455	2.9258235	0.14520597	1.9117864	26.61802
2020-07-27 09:48:41	1	3659.076	-97	-99	3200	4096	-1.3853588	0.08380133	0.069525875	0.08602274	2.7985352E-5	4.3337225E-4	0.012102066	0.39004633	-0.37557873	0.76562506	1.2788408	3.545573	4.5342236	5.610089	2.9589806	0.18325153	2.8492131	26.486246
2020-07-27 15:47:00	1	3659.256	-99	-100	3200	4096	-1.4617904	0.0842763	0.06695943	0.082891785	4.1145737E-5	3.8948178E-4	0.011272469	0.3899155	-0.37570962	0.7656251	1.2808492	3.6724932	4.70391	5.82316	3.0651317	0.13711958	1.9198374	27.013336
2020-07-27 21:45:24	1	3659.256	-97	-100	3200	4096	-1.4679215	0.0836684	0.07141697	0.08434038	2.9676823E-6	3.7321268E-4	0.011193578	0.3960465	-0.36957863	0.7656251	1.2544372	3.7433608	4.695811	5.545552	2.9786434	0.14222825	2.0531328	26.881563
2020-07-28 03:43:43	1	3658.98	-97	-98	3200	4096	-1.400462	0.08467631	0.076436676	0.087399945	-1.5365315E-5	3.8878786E-4	0.011623969	0.328587	-0.3604756	0.6890626	1.2335765	3.0477066	3.7595794	4.298814	2.8774238	0.1641113	2.3783057	26.354473
2020-07-28 09:42:02	1	3659.004	-99	-99	3200	4096	-1.4415845	0.085319996	0.07528709	0.089452334	-3.352828E-5	5.0522166E-4	0.0127841225	0.4462719	-0.3959157	0.8421876	1.2639904	3.9469724	4.9889355	5.9276023	3.0912926	0.15397525	2.1526258	26.61802
2020-07-28 15:40:28	1	3658.656	-75	-76	3200	4096	-1.4735104	0.08511008	0.07500543	0.0869587	7.0241E-5	4.3042089E-4	0.011822992	0.4016354	-0.3639897	0.7656251	1.2504048	3.6937568	4.6186914	5.354751	3.0792046	0.11690049	1.2562581	28.989922
2020-07-28 21:39:10	1	3658.812	-99	-99	3200	4096	-1.468613	0.08497073	0.0725577	0.08609471	-7.2397756E-6	4.2785873E-4	0.011834536	0.39673808	-0.36888704	0.7656251	1.2635696	3.6469371	4.608159	5.4678974	3.0549066	0.13860163	1.89027	28.331059
2020-07-29 03:37:38	1	3659.184	-97	-97	3200	4096	-1.4697345	0.084326625	0.07351255	0.086584784	2.9306031E-5	4.1141774E-4	0.0118192155	0.3978596	-0.36776552	0.7656251	1.2556041	3.659616	4.5950294	5.4121323	2.9451385	0.14032671	1.9246066	26.749792
2020-07-29 09:35:53	1	3659.556	-97	-98	3200	4096	-1.4547809	0.08624209	0.06195823	0.08696002	9.112076E-5	4.8248685E-4	0.012752588	0.382906	-0.45928153	0.8421875	1.2986124	3.3907285	4.403242	6.1800666	2.9668038	0.14850004	1.9624074	26.749792
2020-07-29 15:34:28	1	3659.016	-99	-99	3200	4096	-1.474501	0.0841893	0.075203426	0.08660307	7.3782525E-5	3.9043315E-4	0.011514236	0.40262607	-0.36299905	0.7656251	1.239037	3.7521858	4.6490974	5.3538265	2.9449396	0.12645054	1.5304776	29.385239
2020-07-29 21:33:17	1	3658.596	-99	-101	3200	4096	-1.4693607	0.08519584	0.07420202	0.08685257	1.1849363E-5	4.0873117E-4	0.011724425	0.39748576	-0.44470176	0.8421875	1.2467033	3.6709278	4.5765576	5.3568053	2.9734094	0.14225337	2.0612135	29.912329
2020-07-30 03:32:22	1	3659.088	-99	-99	3200	4096	-1.4653981	0.08540165	0.07091653	0.085663125	9.334038E-5	4.245906E-4	0.011879395	0.39352307	-0.37210205	0.7656251	1.2723402	3.6105473	4.5938444	5.549102	3.00872	0.14742257	1.964294	28.726377
2020-07-30 09:30:35	1	3659.496	-97	-97	3200	4096	-1.4651364	0.08448891	0.0707637	0.08528153	5.2906882E-5	3.9916657E-4	0.011658817	0.39326137	-0.29580122	0.6890626	1.2661124	3.6421185	4.6113315	5.557389	2.9366028	0.12905335	1.7727749	28.331059
2020-07-30 15:29:27	1	3658.596	-81	-82	3200	4096	-1.4659027	0.085777596	0.072474115	0.08672862	-2.2742224E-5	4.100135E-4	0.011924142	0.39402774	-0.37159738	0.7656251	1.2590737	3.6083882	4.5432267	5.4368067	2.8836586	0.14054662	1.8664352	32.020687
2020-07-30 21:28:10	1	3658.98	-99	-99	3200	4096	-1.4668747	0.085066065	0.07278867	0.08671014	2.9506133E-5	4.1888148E-4	0.011935742	0.39499974	-0.37062538	0.7656251	1.2599543	3.615531	4.555404	5.426665	2.9403045	0.12703411	1.6827257	31.625368
2020-07-31 03:27:10	1	3658.776	-91	-92	3200	4096	-1.4662579	0.085986495	0.07149135	0.08565754	9.65148E-5	4.197453E-4	0.011754335	0.47094536	-0.37124223	0.8421876	1.2657077	4.3438168	5.4980025	6.5874453	3.0380137	0.14230785	1.9326583	30.307644
2020-07-31 09:25:56	1	3658.944	-73	-74	3200	4096	-1.4652859	0.08498955	0.07126196	0.08562415	3.2865442E-5	4.0346847E-4	0.011675705	0.39341092	-0.4487766	0.8421875	1.2619591	3.6408672	4.5946255	5.52063	2.9596705	0.13387224	1.7906438	29.385239
2020-07-31 15:24:49	1	3659.292	-95	-96	3200	4096	-1.4657719	0.084438145	0.07149871	0.08559871	7.778693E-6	3.9932583E-4	0.011636545	0.3938969	-0.44829062	0.8421875	1.2602155	3.6514935	4.601669	5.509147	2.9490306	0.14262223	1.909874	31.09828
2020-07-31 21:23:43	1	3659.484	-97	-98	3200	4096	-1.4641644	0.08448082	0.06894409	0.08418636	3.926986E-5	4.136053E-4	0.011606629	0.46885186	-0.37333572	0.8421876	1.2797093	4.351937	5.5692143	6.800465	3.070251	0.1318331	1.7943107	29.51701
2020-08-01 03:22:20	1	3659.712	-71	-72	3200	4096	-1.4701458	0.084130965	0.07323752	0.08577061	5.275741E-5	3.886118E-4	0.011517587	0.39827085	-0.36735427	0.7656251	1.2512448	3.7110581	4.643442	5.438071	2.9294965	0.13316321	1.7946035	28.067516
2020-08-01 09:20:27	1	3660.216	-93	-94	3200	4096	-1.4685944	0.085082635	0.07254736	0.08563419	-2.7255697E-5	3.9907577E-4	0.011573163	0.3967194	-0.36890572	0.7656251	1.2562581	3.6877155	4.6327224	5.4684196	2.9795535	0.12994783	1.6489159	27.935743
2020-08-01 15:19:11	1	3659.592	-91	-91	3200	4096	-1.3775643	0.08502273	0.05878469	0.08184018	-1.1456961E-5	3.9790582E-4	0.011500063	0.38225177	-0.3833733	0.76562506	1.3103386	3.5645063	4.67071	6.502573	3.0087068	0.11846976	1.2540951	29.780556
2020-08-01 21:18:00	1	3659.7	-89	-90	3200	4096	-1.3495449	0.084516615	0.07631798	0.08649118	-1.8673496E-5	3.9502612E-4	0.011414853	0.4307949	-0.3348301	0.765625	1.2352741	4.032138	4.9807954	5.6447363	3.0316927	0.12941206	1.5442032	29.121695
2020-08-02 03:16:40	1	3659.976	-99	-99	3200	4096	-1.3460121	0.08546136	0.078402475	0.0882568	1.3735273E-5	3.8718784E-4	0.011662685	0.35069963	-0.3383629	0.68906254	1.2236327	3.247402	3.9736273	4.473068	2.8465881	0.13652463	1.7734537	28.067516
2020-08-02 09:15:12	1	3659.688	-93	-93	3200	4096	-1.34347	0.08426423	0.07791071	0.087651394	-8.535705E-5	4.0579715E-4	0.011613167	0.42472	-0.340905	0.765625	1.229466	3.94119	4.845559	5.451369	3.0088995	0.1225366	1.4167997	27.540424
2020-08-02 15:13:49	1	3658.596	-99	-100	3200	4096	-1.3266659	0.08513826	0.07738781	0.08805634	2.1605298E-5	4.0882558E-4	0.011798989	0.3313534	-0.35770914	0.68906254	1.2335643	3.0504858	3.7629704	4.281726	2.9366248	0.1365526	1.8419678	31.493595
2020-08-02 21:12:59	1	3659.196	-89	-89	3200	4096	-1.3236752	0.08532296	0.07689291	0.0880907	1.1425988E-5	4.2776772E-4	0.011902991	0.40492514	-0.4372624	0.8421875	1.2385056	3.7114763	4.596684	5.2660923	3.0192275	0.14666814	2.1219864	31.888914
2020-08-03 03:11:53	1	3660.312	-99	-99	3200	4096	-1.3265911	0.083249755	0.077056184	0.087231204	6.258981E-7	3.6898596E-4	0.011402028	0.33127862	-0.3577839	0.68906254	1.2241063	3.1024327	3.7977078	4.299183	2.8382175	0.11271243	1.2167194	28.858149
2020-08-03 09:10:27	1	3660.252	-91	-91	3200	4096	-1.3271145	0.08579327	0.077763826	0.08854705	2.2601018E-5	4.2776106E-4	0.011988069	0.40836447	-0.35726053	0.765625	1.2365181	3.7296953	4.611836	5.251343	2.9764788	0.14086092	1.9469588	27.80397
2020-08-03 15:08:41	1	3659.052	-87	-88	3200	4096	-1.3115066	0.085282266	0.07107562	0.08581209	2.2356297E-5	4.1008848E-4	0.011793618	0.39275664	-0.37286836	0.765625	1.2655375	3.616596	4.576938	5.5258985	2.94838	0.13441907	1.6336167	32.020687
2020-08-03 21:07:53	1	3659.424	-77	-77	3200	4096	-1.3313016	0.08597131	0.07761449	0.087847985	2.9810078E-6	4.0962064E-4	0.01175084	0.33598903	-0.3530735	0.68906254	1.2339644	3.0994928	3.8246639	4.3289466	2.9664977	0.12682515	1.5050187	32.020687
2020-08-04 03:06:58	1	3659.496	-75	-77	3200	4096	-1.3376569	0.08710134	0.07943883	0.08954493	-5.4343276E-5	4.514482E-4	0.012176803	0.41890678	-0.34671822	0.765625	1.2323261	3.7962143	4.6781745	5.273325	3.0446777	0.13431795	1.7647995	30.307644
2020-08-04 09:05:44	1	3659.76	-77	-77	3200	4096	-1.3441056	0.085258946	0.07794625	0.08777735	-2.967166E-6	4.1250177E-4	0.011665398	0.34879306	-0.416832	0.76562506	1.2304596	3.2293718	3.9736114	4.474789	3.0312843	0.13643725	1.8111128	28.858149
2020-08-04 15:04:33	1	3659.388	-79	-80	3200	4096	-1.3336941	0.08589491	0.079297364	0.089291535	3.223415E-6	4.2672676E-4	0.011989209	0.41494405	-0.35068095	0.765625	1.2262667	3.789608	4.6470704	5.23276	2.9687173	0.1382187	1.7481266	32.547775
2020-08-04 21:03:47	1	3659.58	-69	-70	3200	4096	-1.3325726	0.08443488	0.07812809	0.0881455	-2.6722448E-6	4.1588137E-4	0.011759491	0.33726007	-0.428365	0.76562506	1.2302521	3.1100736	3.8261747	4.316758	3.0074086	0.14189288	1.8540071	32.020687
2020-08-05 03:02:56	1	3659.46	-97	-97	3200	4096	-1.3403672	0.08511496	0.077306114	0.08689944	-4.234464E-5	3.9060513E-4	0.011411376	0.34505466	-0.34400788	0.68906254	1.2292835	3.2301216	3.970735	4.4634843	2.99959	0.13241675	1.823634	31.09828
2020-08-05 09:01:48	1	3659.532	-75	-75	3200	4096	-1.3409092	0.08570005	0.076925	0.086600594	-5.2797426E-5	4.083787E-4	0.011427688	0.4221592	-0.42002833	0.8421875	1.2344068	3.94909	4.8747835	5.4879317	3.1271324	0.12528199	1.6040331	30.044102
2020-08-05 15:00:42	1	3659.964	-75	-75	3200	4096	-1.3399934	0.08468682	0.076968566	0.086560465	2.5919162E-5	3.9915735E-4	0.011368695	0.34468082	-0.42094424	0.76562506	1.2317873	3.2326732	3.9819658	4.4782023	3.0883243	0.14593884	2.1938262	30.307644
2020-08-05 20:59:53	1	3659.916	-81	-82	3200	4096	-1.3799943	0.08591975	0.06114319	0.08183774	7.681795E-5	4.045953E-4	0.011431052	0.38468173	-0.38094333	0.76562506	1.30644	3.5979774	4.7005415	6.291489	3.0963383	0.13576762	1.8230772	28.989922
2020-08-06 02:58:11	1	3659.904	-73	-75	3200	4096	-1.3776203	0.084759906	0.059941515	0.08330617	4.9416823E-5	4.2480454E-4	0.011867917	0.38230783	-0.38331723	0.76562506	1.3077059	3.5093439	4.58919	6.378014	3.016061	0.13442373	1.8238506	28.331059
2020-08-06 08:56:13	1	3660.0	-91	-92	3200	4096	-1.3807793	0.08547446	0.06313461	0.08322194	-4.6832523E-5	4.1566516E-4	0.011756656	0.30890432	-0.4567208	0.7656251	1.302879	2.848932	3.7118134	4.892789	3.0072947	0.13712943	1.7517993	27.80397
2020-08-06 14:54:51	1	3659.796	-93	-93	3200	4096	-1.3839009	0.08473453	0.065754965	0.08320878	-5.3008636E-5	4.2138522E-4	0.011631594	0.38858834	-0.45359924	0.8421876	1.2961357	3.6030488	4.67004	5.9096427	3.1145895	0.1332247	1.6911482	30.57119
2020-08-06 20:53:54	1	3659.196	-81	-81	3200	4096	-1.3824428	0.087509096	0.06469275	0.08376435	-2.5699217E-5	4.3475267E-4	0.011941119	0.46369284	-0.37849468	0.8421875	1.3045576	4.2433405	5.535682	7.1676164	3.0489633	0.14339972	2.0137503	30.834734
2020-08-07 02:52:41	1	3660.276	-91	-92	3200	4096	-1.3799568	0.08468248	0.06337297	0.08391698	7.6141073E-6	4.2082238E-4	0.011831901	0.38464433	-0.38098073	0.76562506	1.2962161	3.5361614	4.5836296	6.069533	3.0060055	0.13879968	1.7928768	29.385239
2020-08-07 08:51:22	1	3660.408	-73	-74	3200	4096	-1.3828167	0.08670208	0.067576796	0.08572605	3.958995E-5	4.6134635E-4	0.012232559	0.46406668	-0.37812084	0.8421875	1.2901667	4.195867	5.413368	6.867249	3.0831344	0.14534296	1.9372132	28.462831
2020-08-07 14:50:07	1	3659.364	-73	-74	3200	4096	-1.3834709	0.08651903	0.06637103	0.08422291	3.6319423E-5	4.3940105E-4	0.011915442	0.38815844	-0.37746662	0.76562506	1.2960591	3.555936	4.6087036	5.848311	3.0948584	0.1449784	1.990143	31.09828
2020-08-07 20:49:10	1	3659.568	-93	-93	3200	4096	-1.3773025	0.084724665	0.05976691	0.0819504	-2.3418534E-5	4.0637166E-4	0.011445319	0.38199008	-0.4601975	0.8421876	1.305458	3.5705748	4.6612353	6.3913302	3.1021843	0.11999942	1.42224	31.230053
2020-08-08 02:48:05	1	3659.628	-89	-90	3200	4096	-1.3803867	0.08531159	0.06380754	0.083753794	-3.7229038E-5	3.9525196E-4	0.011677013	0.38507426	-0.3805508	0.76562506	1.2902129	3.5635152	4.597693	6.034933	2.8987486	0.14491507	1.9416093	29.385239
2020-08-08 08:46:44	1	3660.576	-93	-93	3200	4096	-1.3852841	0.086297095	0.070144795	0.08620011	2.970773E-5	4.4289549E-4	0.012074519	0.38997155	-0.3756535	0.76562506	1.2747561	3.5489347	4.524026	5.559522	3.0378165	0.12729716	1.6449965	28.331059
2020-08-08 14:45:30	1	3659.64	-75	-75	3200	4096	-1.3766297	0.08556269	0.061631355	0.0832871	2.316152E-5	4.236262E-4	0.01188454	0.38131717	-0.30774537	0.68906254	1.3089211	3.4978013	4.5783463	6.187064	2.999287	0.13680997	1.7212042	30.702963
2020-08-08 20:44:34	1	3659.4	-93	-93	3200	4096	-1.3822933	0.08524608	0.064663425	0.08256072	9.7417265E-5	3.799493E-4	0.011315563	0.38698083	-0.37864423	0.76562506	1.2884413	3.6379051	4.6872272	5.98454	2.9673812	0.14429829	2.0557556	31.09828
2020-08-09 02:43:30	1	3660.564	-73	-76	3200	4096	-1.3816578	0.086006016	0.06542337	0.08448795	-1.1668714E-5	4.1098168E-4	0.011890038	0.30978283	-0.37927976	0.6890626	1.2906154	2.840964	3.6665921	4.735049	2.9070733	0.1366575	1.7431182	29.385239
2020-08-09 08:42:09	1	3660.504	-81	-82	3200	4096	-1.3834523	0.08531617	0.06565429	0.08297966	-9.1777816E-5	3.9058618E-4	0.01142191	0.38813975	-0.3774853	0.76562506	1.2879462	3.6317735	4.677529	5.9118714	2.9939148	0.13862687	1.8572797	28.067516
2020-08-09 14:40:52	1	3659.184	-95	-96	3200	4096	-1.3714707	0.08330332	0.068268776	0.08415722	6.820633E-5	3.9349144E-4	0.011464683	0.37615815	-0.3894669	0.76562506	1.2723004	3.5130913	4.4697075	5.509959	2.9937196	0.14584821	2.1248412	31.625368
2020-08-09 20:40:07	1	3659.136	-95	-95	3200	4096	-1.37491	0.08464239	0.063657865	0.083245255	-3.255863E-5	4.0656887E-4	0.01173333	0.37959749	-0.38602757	0.76562506	1.3012213	3.5043921	4.5599895	5.963089	2.9531913	0.14275172	1.9334674	32.28423
2020-08-10 02:39:02	1	3660.228	-95	-95	3200	4096	-1.3802185	0.08543892	0.060606755	0.08134544	-9.700956E-6	3.999704E-4	0.01139868	0.38490602	-0.38071904	0.76562506	1.3124841	3.605184	4.731747	6.3508763	3.0783553	0.14729315	2.164896	28.331059
2020-08-10 08:37:31	1	3660.0	-97	-97	3200	4096	-1.3710221	0.08533324	0.070349015	0.08675775	6.676725E-5	4.315302E-4	0.012162617	0.45227203	-0.3899155	0.8421875	1.2711747	4.1009665	5.2130446	6.4289746	2.917139	0.14975014	2.0106683	26.61802
2020-08-10 14:36:00	1	3659.652	-99	-99	3200	4096	-1.3714894	0.08551687	0.06835351	0.08488823	9.225706E-5	4.264587E-4	0.011835589	0.37617686	-0.3894482	0.76562506	1.2815852	3.4577782	4.431437	5.503402	3.0443685	0.13757466	1.9145998	30.17587
2020-08-10 20:35:00	1	3659.328	-95	-97	3200	4096	-1.3750035	0.08576618	0.06448022	0.08431573	-1.0268292E-5	4.3825584E-4	0.012033023	0.4562534	-0.3859341	0.8421875	1.3010044	4.1592855	5.411249	7.075866	3.0267615	0.14181788	1.8876691	30.966507
2020-08-11 02:33:52	1	3660.144	-95	-96	3200	4096	-1.3740876	0.08613552	0.066058144	0.08492089	5.5864894E-5	4.3938786E-4	0.012099452	0.37877503	-0.38685003	0.76562506	1.2952938	3.4434874	4.460328	5.7339644	3.0013497	0.14006491	1.876399	29.121695
2020-08-11 08:32:34	1	3659.604	-95	-95	3200	4096	-1.36848	0.08467614	0.06971577	0.08456461	5.441411E-5	3.8597686E-4	0.011516115	0.37316743	-0.3158951	0.68906254	1.2690079	3.4773688	4.4128084	5.352698	2.9103775	0.12480075	1.5012344	28.331059
2020-08-11 14:31:14	1	3659.304	-97	-97	3200	4096	-1.3836578	0.08560671	0.067801416	0.08547834	-7.434067E-5	4.363935E-4	0.012119488	0.38834536	-0.3772797	0.76562506	1.2879115	3.5275726	4.5432014	5.727688	2.9710484	0.13897866	1.9492226	31.230053
2020-08-11 20:30:19	1	3659.676	-97	-98	3200	4096	-1.3818821	0.08501583	0.06238162	0.0812868	-3.1940963E-5	3.846994E-4	0.011247267	0.38656962	-0.37905544	0.76562506	1.3046783	3.645056	4.7556257	6.1968513	3.0410779	0.14616612	1.9706062	31.230053
2020-08-12 02:29:13	1	3659.652	-95	-96	3200	4096	-1.3829288	0.0853173	0.06602739	0.083686456	3.7662703E-5	3.989588E-4	0.011584633	0.38761637	-0.3780087	0.76562506	1.2861333	3.6013138	4.631769	5.870539	2.9727848	0.14176382	2.0745256	29.780556
2020-08-12 08:28:03	1	3659.988	-97	-98	3200	4096	-1.3883308	0.08449298	0.068484806	0.08313654	3.495541E-5	3.811184E-4	0.011241659	0.39301836	-0.3726067	0.76562506	1.2753319	3.706787	4.7273836	5.738767	3.0157766	0.1348762	1.7664621	28.989922
2020-08-12 14:26:50	1	3659.592	-73	-74	3200	4096	-1.387172	0.0838548	0.06866407	0.083826214	-5.546727E-5	3.84109E-4	0.011412806	0.39185944	-0.37376562	0.76562506	1.2744311	3.6680405	4.6746645	5.7069073	2.9489653	0.13474825	1.791555	29.912329
2020-08-12 20:25:40	1	3659.76	-73	-73	3200	4096	-1.3876953	0.08553348	0.07020592	0.0851608	-5.029183E-5	4.155919E-4	0.011735079	0.31582037	-0.37324223	0.6890626	1.2720474	2.915393	3.7085183	4.4984865	3.017832	0.14453125	2.0095432	28.462831
2020-08-13 02:23:38	1	3659.88	-75	-75	3200	4096	-1.3920692	0.085581034	0.0730477	0.08649054	-2.7428925E-5	4.2903802E-4	0.011904138	0.39675677	-0.3688683	0.76562506	1.26148	3.636431	4.587285	5.431475	3.0276096	0.13798413	1.8464034	26.881563
2020-08-13 08:22:02	1	3659.508	-69	-70	3200	4096	-1.3913777	0.08448976	0.07261104	0.086347304	-9.3128205E-5	4.322902E-4	0.011921517	0.39606515	-0.44612244	0.8421876	1.2644947	3.6274455	4.586885	5.4546137	3.041672	0.13469061	1.7012907	26.749792
2020-08-13 14:20:36	1	3659.34	-71	-72	3200	4096	-1.3921627	0.08540245	0.07191319	0.08556229	-7.3992E-6	4.2676085E-4	0.011797052	0.39685023	-0.36877483	0.76562506	1.269417	3.6537588	4.638144	5.518462	3.066462	0.13943952	1.9701424	29.648783
2020-08-13 20:19:36	1	3659.64	-67	-68	3200	4096	-1.3922001	0.08571299	0.073000684	0.08659645	-5.693315E-5	4.191168E-4	0.011936249	0.3968876	-0.36873746	0.76562506	1.2616354	3.6327338	4.5831857	5.436765	2.9417062	0.11861137	1.5603087	30.57119
2020-08-14 02:18:25	1	3659.568	-67	-68	3200	4096	-1.3940319	0.0855711	0.07339195	0.08621909	1.6356755E-5	4.2260124E-4	0.011786875	0.39871943	-0.36690563	0.76562506	1.2592036	3.6725528	4.624491	5.43274	3.0418193	0.1245794	1.4328128	28.726377
2020-08-14 08:17:06	1	3659.904	-69	-69	3200	4096	-1.3974899	0.08370924	0.07401542	0.08575354	-2.340795E-5	3.9933913E-4	0.011497464	0.325615	-0.44001013	0.7656251	1.2504001	3.03671	3.7971027	4.3992853	3.0209095	0.13250029	1.6419919	28.067516
2020-08-14 14:15:50	1	3659.004	-69	-70	3200	4096	-1.3927234	0.08459434	0.0732137	0.08626452	-1.809412E-5	3.9267907E-4	0.011692265	0.32084852	-0.36821407	0.6890626	1.2534791	2.9672265	3.7193565	4.3823566	2.8723702	0.1283977	1.6822612	30.17587
2020-08-14 20:14:51	1	3659.448	-71	-72	3200	4096	-1.3960507	0.08681096	0.07456715	0.086857215	-5.2097785E-5	4.26211E-4	0.011855962	0.40073815	-0.3648869	0.76562506	1.2536101	3.680377	4.6137576	5.374192	3.0321524	0.13850589	1.9112816	30.834734
2020-08-15 02:13:46	1	3659.844	-99	-100	3200	4096	-1.3942002	0.08613308	0.073587164	0.08617451	-8.436126E-5	4.0402563E-4	0.011651264	0.39888766	-0.3667374	0.76562506	1.2525864	3.6954222	4.6288357	5.4206147	2.976205	0.12120895	1.5032172	29.780556
2020-08-15 08:12:35	1	3659.676	-73	-73	3200	4096	-1.3968544	0.0845878	0.07326846	0.08490721	-9.764439E-5	3.9570316E-4	0.011261213	0.47810438	-0.44064566	0.91875005	1.2498215	4.505367	5.630904	6.525378	3.1203206	0.12423141	1.4492276	29.253468
2020-08-15 14:11:22	1	3659.856	-77	-78	3200	4096	-1.3841438	0.085322544	0.069053195	0.08547687	7.1328996E-6	3.8188222E-4	0.011730337	0.31226888	-0.3002312	0.6125001	1.2670877	2.8831913	3.6532562	4.5221496	2.7752905	0.1365194	1.7402216	29.648783
2020-08-15 20:10:18	1	3659.94	-75	-75	3200	4096	-1.3878635	0.08626493	0.07054057	0.08531155	-7.192505E-8	4.2444715E-4	0.011753297	0.39255106	-0.373074	0.76562506	1.2707849	3.620898	4.6013823	5.564898	3.072587	0.13707852	1.7838051	28.989922
2020-08-16 02:08:49	1	3659.76	-99	-100	3200	4096	-1.3813213	0.08396307	0.06371198	0.08317321	1.2699411E-4	4.0727272E-4	0.011697671	0.38600886	-0.3796162	0.76562506	1.300368	3.5690084	4.6410236	6.0586543	2.976367	0.12345475	1.4145769	27.672197
2020-08-16 08:06:48	1	3659.664	-101	-101	3200	4096	-1.3799194	0.08544314	0.06245545	0.083515316	1.1123985E-5	4.1674546E-4	0.011834899	0.38460696	-0.3810181	0.76562506	1.3026152	3.5353699	4.6052265	6.1581006	2.9753754	0.13330948	1.7032144	27.408653
2020-08-16 14:05:26	1	3660.024	-101	-102	3200	4096	-1.3782933	0.0850285	0.058344554	0.08287079	-3.1009293E-7	4.1139734E-4	0.01175938	0.38298073	-0.38264433	0.76562506	1.3085512	3.5317075	4.6214204	6.5641217	2.975039	0.13820061	1.8759831	28.067516
2020-08-16 20:04:01	1	3659.904	-83	-84	3200	4096	-1.3815644	0.085033156	0.065667264	0.08491926	-5.580686E-6	4.248208E-4	0.012049543	0.38625184	-0.37937322	0.76562506	1.2926444	3.5187247	4.5484595	5.8819547	2.925935	0.12862803	1.6711816	28.067516
2020-08-17 02:02:25	1	3659.376	-101	-101	3200	4096	-1.3796017	0.08384783	0.06203517	0.08293405	-3.117438E-5	3.8541123E-4	0.011536837	0.38428918	-0.30477336	0.68906254	1.2951214	3.5777895	4.633672	6.194699	2.895682	0.1273635	1.5891712	27.145107
2020-08-17 08:00:50	1	3659.34	-99	-100	3200	4096	-1.3263668	0.08632365	0.08007868	0.091245994	-9.9727E-5	4.537865E-4	0.012618197	0.33105433	-0.3580082	0.68906254	1.231076	2.947139	3.628152	4.1341133	2.850079	0.1668417	2.4867542	26.486246
2020-08-17 13:59:14	1	3659.112	-101	-102	3200	4096	-1.3792092	0.08345739	0.060446143	0.08249808	1.10938665E-4	3.9408985E-4	0.011605104	0.30733418	-0.3817284	0.6890626	1.3058121	2.8528988	3.7253497	5.08443	2.9261541	0.12798265	1.5470552	27.27688
2020-08-17 19:57:23	1	3659.388	-75	-76	3200	4096	-1.3839756	0.08514394	0.064523675	0.08220152	-3.1721625E-5	4.3177092E-4	0.01155917	0.3886631	-0.37696195	0.76562506	1.3079269	3.6150143	4.7281747	6.023574	3.2314699	0.1401181	1.8607255	27.80397
2020-08-18 01:55:55	1	3659.136	-75	-75	3200	4096	-1.3790222	0.08439553	0.0617423	0.08353518	-4.7969093E-5	4.1252133E-4	0.011731411	0.38370973	-0.38191533	0.76562506	1.2965991	3.5426455	4.593391	6.214698	2.997408	0.13230187	1.5944095	27.408653
2020-08-18 07:54:22	1	3659.124	-75	-75	3200	4096	-1.3824428	0.08492273	0.06503544	0.083606794	4.8484646E-5	4.1719366E-4	0.011780835	0.38713038	-0.37849468	0.76562506	1.2982146	3.5667217	4.6303697	5.952606	3.0059762	0.13554066	1.7955296	27.27688
2020-08-18 13:52:52	1	3659.004	-75	-75	3200	4096	-1.3744053	0.08333992	0.0649355	0.0831561	-6.3928937E-6	3.6520112E-4	0.011359173	0.30253035	-0.38653225	0.6890626	1.2816788	2.8385437	3.6381013	4.6589365	2.8303406	0.13893999	1.910032	27.27688
2020-08-18 19:51:21	1	3658.776	-97	-98	3200	4096	-1.3787979	0.08617753	0.05803893	0.08146869	-3.2612053E-5	3.947124E-4	0.011525685	0.30692297	-0.38213962	0.6890626	1.3177792	2.8588805	3.7673733	5.2882257	2.9713054	0.1366363	1.8870718	26.749792
2020-08-19 01:49:40	1	3658.956	-97	-98	3200	4096	-1.3070954	0.08482991	0.06533082	0.08263179	1.6939355E-6	4.0447907E-4	0.01143256	0.38834533	-0.4538422	0.8421875	1.2939712	3.632004	4.6997085	5.9442897	3.0946324	0.13228565	1.6838825	26.09093
2020-08-19 07:47:54	1	3658.776	-97	-98	3200	4096	-1.3050953	0.08397825	0.063110135	0.08180151	-3.3644556E-5	3.788418E-4	0.011243181	0.38634527	-0.37927973	0.765625	1.2962337	3.6436026	4.7229605	6.1217628	2.9969497	0.1312305	1.7082393	25.959158
2020-08-19 13:46:17	1	3658.86	-97	-97	3200	4096	-1.3750035	0.085238434	0.06357365	0.082483195	-8.764878E-5	3.847995E-4	0.011380438	0.30312848	-0.3859341	0.6890626	1.2933439	2.8414974	3.6750333	4.7681465	2.971095	0.13337374	1.8228198	26.749792
2020-08-19 19:44:49	1	3658.74	-99	-99	3200	4096	-1.3740128	0.08498873	0.064645864	0.0831495	-4.5435932E-5	3.859678E-4	0.011546436	0.3787003	-0.31036225	0.68906254	1.292303	3.52429	4.5544505	5.858074	2.8950443	0.1337018	1.8333156	27.27688
2020-08-20 01:43:10	1	3658.644	-93	-94	3200	4096	-1.3046093	0.084334746	0.06356627	0.08291144	1.30552735E-5	4.006457E-4	0.011578396	0.38585928	-0.37976572	0.765625	1.2978059	3.5859544	4.653873	6.0701895	2.9885716	0.12938264	1.6250778	25.695612
2020-08-20 07:41:20	1	3658.404	-99	-99	3200	4096	-1.3103291	0.08465322	0.06918364	0.08462244	-8.404104E-6	4.0983924E-4	0.011682559	0.39157903	-0.37404597	0.765625	1.2772721	3.622851	4.6273665	5.659995	3.0028772	0.13252819	1.7728336	25.300295
2020-08-20 13:39:38	1	3658.788	-73	-73	3200	4096	-1.3218807	0.08754348	0.07881474	0.09104576	-3.549957E-5	5.1114097E-4	0.012903625	0.4031307	-0.4390568	0.8421875	1.2476598	3.5488694	4.4277816	5.1149154	3.0698504	0.16846943	2.44436	26.486246
2020-08-20 19:38:13	1	3659.364	-95	-96	3200	4096	-1.740582	0.08569296	0.07581974	0.08739895	4.8262944E-5	3.907857E-4	0.0117371855	0.3624569	-0.3266056	0.6890625	1.2395835	3.3456025	4.147154	4.780508	2.8366823	0.13704818	1.6809027	28.067516
2020-08-21 01:36:41	1	3659.244	-79	-80	3200	4096	-1.6935902	0.086278215	0.07332654	0.08919609	-1.2265018E-4	5.1098707E-4	0.012922421	0.39202765	-0.45015976	0.8421874	1.2744597	3.4486153	4.395121	5.3463264	3.060005	0.17630276	2.6765292	26.486246
2020-08-21 07:34:55	1	3658.38	-97	-97	3200	4096	-1.6640007	0.0847703	0.07539379	0.086748324	-1.1032695E-4	3.9100993E-4	0.011568988	0.3624382	-0.4797492	0.8421874	1.2398999	3.3696616	4.178043	4.8072686	2.9214408	0.13775386	1.8338091	25.300295
2020-08-21 13:33:14	1	3659.172	-99	-100	3200	4096	-1.7360772	0.084693074	0.07590208	0.08619714	-3.4053304E-5	3.7223156E-4	0.011257295	0.4345146	-0.4076728	0.8421874	1.230904	4.095316	5.0409403	5.7246733	2.9372785	0.12418161	1.5029905	26.881563
2020-08-21 19:31:53	1	3658.872	-75	-75	3200	4096	-0.6520149	0.0863181	0.07940039	0.089235716	3.718713E-5	4.193343E-4	0.011956814	0.34576494	-0.34329757	0.6890625	1.225375	3.1620827	3.874737	4.3547006	2.9331176	0.12827507	1.5421453	28.726377
2020-08-22 01:30:33	1	3658.884	-93	-94	3200	4096	-0.65111774	0.08540202	0.07730701	0.086803764	-4.464194E-6	3.9695695E-4	0.011371468	0.3448677	-0.3441948	0.6890625	1.2284846	3.2340317	3.972958	4.4610147	3.0698018	0.14948925	2.065311	27.145107
2020-08-22 07:29:03	1	3659.064	-95	-96	3200	4096	-0.5789852	0.084129065	0.07908876	0.088801414	-5.9718248E-5	4.104726E-4	0.01179823	0.3492977	-0.4163273	0.765625	1.2231748	3.2157872	3.93347	4.4165277	2.948835	0.15052366	2.272001	25.959158
2020-08-22 13:27:15	1	3658.74	-97	-98	3200	4096	-0.68521196	0.08528367	0.066062994	0.08467866	3.013311E-5	4.1924545E-4	0.0119177485	0.37896195	-0.38666302	0.765625	1.2892084	3.4713507	4.4752946	5.7363725	2.9517522	0.13006485	1.7907609	27.145107
2020-08-22 19:25:57	1	3658.776	-101	-101	3200	4096	-0.686483	0.083873406	0.061863963	0.082331054	-5.0933835E-5	4.2299365E-4	0.011676909	0.38023302	-0.38539195	0.765625	1.3125029	3.5187294	4.6183424	6.1462765	3.102259	0.13614826	1.9051737	28.331059
2020-08-23 01:24:01	1	3658.704	-99	-99	3200	4096	-0.692614	0.08476898	0.06564582	0.084261194	-3.0158964E-5	4.1151492E-4	0.011768265	0.38636398	-0.379261	0.765625	1.2874447	3.5615613	4.5853133	5.885584	2.9713972	0.13266042	1.7353841	27.145107
2020-08-23 07:23:06	1	3658.92	-99	-99	3200	4096	-0.6228928	0.08549357	0.071796045	0.08640696	-5.2757292E-5	4.4568855E-4	0.01197054	0.39320526	-0.6021072	0.9953125	1.266217	3.5938709	4.55062	5.4766984	3.1103125	0.14071825	1.9416257	26.09093
2020-08-23 13:20:47	1	3658.68	-75	-75	3200	4096	-0.69379157	0.084469646	0.066583596	0.08443211	1.156564E-5	3.960316E-4	0.011751358	0.3875416	-0.37808338	0.765625	1.2839154	3.5749855	4.5899787	5.8203764	2.867832	0.13438036	1.7327398	27.540424
2020-08-23 19:19:26	1	3658.428	-97	-97	3200	4096	-0.69478226	0.08528088	0.067754656	0.08502945	3.0576975E-5	4.0938758E-4	0.011885549	0.3119698	-0.3770927	0.6890625	1.2821542	2.8615603	3.6689615	4.6044035	2.8979852	0.15361103	2.1151032	28.462831
2020-08-24 01:18:00	1	3658.656	-99	-99	3200	4096	-0.6914738	0.08609326	0.064001694	0.0837895	-4.3383712E-5	4.2152652E-4	0.011767908	0.38522378	-0.3804012	0.765625	1.2946728	3.5511045	4.5975184	6.018962	3.0438716	0.13299447	1.6339049	27.013336
2020-08-24 07:16:21	1	3658.5	-99	-99	3200	4096	-0.62033194	0.085020676	0.069313295	0.085371494	5.5063934E-5	4.292379E-4	0.011915601	0.39064446	-0.37498054	0.765625	1.2786305	3.578687	4.5758185	5.635924	3.0231953	0.13626859	1.8068593	25.695612
2020-08-24 13:14:43	1	3658.62	-93	-94	3200	4096	-0.68222123	0.08547561	0.07012792	0.086981885	6.3412044E-5	4.586195E-4	0.012398109	0.37597123	-0.38965374	0.765625	1.2801148	3.3765788	4.3224087	5.3612204	2.9836068	0.13835745	1.8671155	26.749792
2020-08-24 19:13:19	1	3658.296	-95	-95	3200	4096	-0.6881466	0.08516797	0.06119601	0.08359234	-5.2213887E-5	4.1436663E-4	0.011864475	0.30533412	-0.38372836	0.6890625	1.3030401	2.8031805	3.6526566	4.9894447	2.9436607	0.14001024	1.8848141	28.989922
2020-08-25 01:12:01	1	3658.596	-79	-79	3200	4096	-0.6931187	0.08622069	0.06570413	0.08411392	4.0751824E-5	4.3045517E-4	0.01183455	0.46343118	-0.37875628	0.84218746	1.293326	4.259998	5.509566	7.0533037	3.073438	0.13491213	1.7420775	28.199286
2020-08-25 07:10:30	1	3658.716	-77	-77	3200	4096	-0.68801576	0.084391795	0.06085091	0.082846016	1.0687555E-4	4.1491044E-4	0.011673881	0.5348908	-0.38385922	0.91875	1.3041754	4.950596	6.4564447	8.790185	3.0445554	0.16055804	2.3884761	26.61802
2020-08-25 13:08:58	1	3658.512	-103	-103	3200	4096	-0.69349253	0.08462101	0.06593867	0.08440639	-1.36748195E-5	4.1250724E-4	0.011900071	0.31068003	-0.37838244	0.6890625	1.2924074	2.8479908	3.6807642	4.7116513	2.9129465	0.1537254	2.2817361	27.672197
2020-08-25 19:07:50	1	3658.296	-93	-94	3200	4096	-0.6920719	0.085589096	0.06463532	0.083788574	-3.5727993E-5	4.2415553E-4	0.011756079	0.38582194	-0.37980303	0.765625	1.2940363	3.5584073	4.604708	5.969212	3.0690227	0.14599326	1.9975641	30.044102
2020-08-26 01:06:39	1	3658.74	-101	-102	3200	4096	-0.6931748	0.08538823	0.06503748	0.083227515	1.7966464E-5	4.0511132E-4	0.011557888	0.38692474	-0.37870023	0.765625	1.2917317	3.599045	4.6490006	5.9492583	3.032616	0.15018085	2.0350304	29.253468
2020-08-26 07:05:18	1	3658.488	-101	-102	3200	4096	-0.69040835	0.08550492	0.061641704	0.083551414	-3.6013275E-6	4.323314E-4	0.011970836	0.38415834	-0.38146663	0.765625	1.3095088	3.5111392	4.5978675	6.2321177	3.0169485	0.13254686	1.7293799	27.80397
2020-08-26 13:02:49	1	3658.38	-97	-98	3200	4096	-0.68994105	0.085414186	0.061492573	0.08380794	-2.3011735E-5	4.272695E-4	0.011930373	0.38369104	-0.38193393	0.765625	1.3032924	3.51281	4.5782185	6.239632	3.0018837	0.13502064	1.6871157	28.331059
2020-08-26 19:01:36	1	3658.356	-95	-96	3200	4096	-0.6888943	0.0845349	0.058842894	0.08275908	1.0092124E-4	4.274364E-4	0.011707864	0.3826443	-0.38298067	0.765625	1.3074442	3.5363595	4.6235924	6.502812	3.1182878	0.13353875	1.8102924	28.989922
2020-08-27 01:00:14	1	3658.404	-81	-81	3200	4096	-0.687941	0.084059805	0.059070304	0.08069932	7.930166E-5	3.9707567E-4	0.011210039	0.45825347	-0.46049652	0.91875	1.3119996	4.328149	5.6785297	7.7577643	3.1597955	0.1384505	1.7888436	27.935743
2020-08-27 06:58:43	1	3658.5	-83	-84	3200	4096	-0.69238967	0.08412704	0.06427534	0.083687805	6.988837E-5	4.1205864E-4	0.0117841195	0.46270218	-0.37948528	0.84218746	1.2971386	4.262388	5.5289083	7.198752	2.9673226	0.12967938	1.5510131	27.145107
2020-08-27 12:56:42	1	3658.38	-97	-97	3200	4096	-0.6867634	0.086153835	0.06359567	0.08383054	-3.072703E-5	4.1774934E-4	0.011839992	0.3805134	-0.38511157	0.765625	1.2979962	3.4969888	4.539078	5.983322	2.9799771	0.13442115	1.7789366	28.199286
2020-08-27 18:55:31	1	3658.296	-99	-99	3200	4096	-0.68145484	0.08452289	0.06898376	0.08544168	-1.057515E-5	4.4636498E-4	0.012076486	0.37520486	-0.3904201	0.765625	1.2861763	3.4142725	4.3913565	5.439031	3.060617	0.13520813	1.8615296	29.912329
2020-08-28 00:54:21	1	3658.764	-97	-97	3200	4096	-0.6834362	0.08524118	0.066975735	0.08400828	4.0630206E-5	3.9893383E-4	0.0116104055	0.3771862	-0.3118763	0.6890625	1.2826307	3.5005164	4.48987	5.631685	2.9594164	0.15427281	2.1436923	28.594604
2020-08-28 06:52:55	1	3658.488	-97	-98	3200	4096	-0.6881092	0.084955275	0.059093587	0.081825115	2.0259752E-6	4.046008E-4	0.011589632	0.3818592	-0.3072033	0.6890625	1.3156737	3.5470593	4.666773	6.4619403	3.0122252	0.14821249	2.0646112	27.145107
2020-08-28 12:51:26	1	3658.404	-103	-103	3200	4096	-0.6819035	0.08479148	0.067691915	0.08382476	-1.733251E-5	3.798782E-4	0.011467733	0.29909098	-0.31340903	0.6125	1.2775164	2.7929587	3.5680506	4.418415	2.8886118	0.12695426	1.5375587	27.672197
2020-08-28 18:50:10	1	3658.032	-101	-102	3200	4096	-0.68498766	0.08580212	0.06575584	0.084560096	-6.158954E-6	4.3772504E-4	0.012024735	0.37873766	-0.3868873	0.765625	1.2967979	3.453828	4.4789166	5.759757	3.027264	0.14212412	1.9792771	30.439417
2020-08-29 00:49:04	1	3658.356	-79	-79	3200	4096	-0.6895672	0.08546957	0.060968146	0.08389594	-5.392272E-5	4.355332E-4	0.011930889	0.4598797	-0.38230777	0.84218746	1.3019536	4.2102494	5.481549	7.54295	3.0596771	0.13994372	1.7732904	28.989922
2020-08-29 06:47:43	1	3658.356	-81	-82	3200	4096	-0.6881653	0.083991736	0.059019137	0.08201517	-4.1161387E-5	3.973391E-4	0.011628375	0.3819153	-0.38370967	0.765625	1.3148171	3.5416653	4.656642	6.4710417	2.9384832	0.12834822	1.7342039	27.80397
2020-08-29 12:46:17	1	3658.392	-77	-78	3200	4096	-0.68433344	0.08599953	0.06461602	0.08243372	3.81827E-6	3.9079302E-4	0.011362097	0.45464593	-0.38754153	0.84218746	1.2930768	4.265246	5.5152903	7.036118	3.0271213	0.13980931	1.8633889	28.462831
2020-08-29 18:45:07	1	3658.188	-97	-97	3200	4096	-0.68724936	0.08492054	0.06216281	0.08298631	1.4514655E-5	4.2753867E-4	0.0117332265	0.3809994	-0.4611881	0.8421875	1.3052758	3.5173497	4.591111	6.129057	3.105564	0.14468046	2.0148904	30.17587
2020-08-30 00:44:01	1	3658.392	-97	-97	3200	4096	-0.68719333	0.085220896	0.06251355	0.08327024	-4.3050306E-5	4.1238975E-4	0.011740175	0.3809433	-0.38468167	0.765625	1.3012103	3.515791	4.5747833	6.093771	2.99198	0.13377212	1.7987344	29.121695
2020-08-30 06:42:41	1	3658.596	-97	-97	3200	4096	-0.6853615	0.08409761	0.062116615	0.0812797	2.2310744E-5	3.69081E-4	0.011249119	0.302549	-0.309951	0.6125	1.3048998	2.852571	3.7223191	4.8706613	2.916652	0.12260559	1.5034674	27.935743
2020-08-30 12:40:44	1	3658.5	-95	-96	3200	4096	-0.68298763	0.08476205	0.06633464	0.08312662	-4.6291843E-5	3.9144093E-4	0.011407663	0.4533001	-0.38888738	0.84218746	1.2848672	4.244118	5.4531283	6.833535	3.0079656	0.13658893	1.8703299	27.935743
2020-08-30 18:39:39	1	3658.332	-89	-89	3200	4096	-0.6916794	0.08493507	0.063630275	0.08341192	3.07335E-5	4.1894877E-4	0.011728235	0.38542938	-0.3801956	0.765625	1.2983394	3.5590043	4.6207952	6.0573273	3.0457597	0.14661357	2.118688	29.912329
2020-08-31 00:38:23	1	3658.536	-95	-95	3200	4096	-0.6934177	0.085402645	0.06214066	0.08071903	-3.494068E-5	3.780635E-4	0.011147965	0.38716775	-0.37845722	0.765625	1.3080425	3.6669195	4.7964864	6.230506	3.0421004	0.1305297	1.5887792	28.594604
2020-08-31 06:37:01	1	3658.428	-95	-95	3200	4096	-0.6934177	0.08443275	0.06668506	0.084858365	-4.259374E-5	4.2817555E-4	0.011920763	0.46373025	-0.45501974	0.91875	1.2866409	4.2473044	5.4647555	6.954035	3.0131016	0.13295685	1.6744862	27.408653
2020-08-31 12:35:27	1	3658.332	-101	-102	3200	4096	-0.6913616	0.08445926	0.062221896	0.08224547	-2.9567367E-5	3.7863696E-4	0.011390625	0.30854914	-0.38051334	0.6890625	1.2976625	2.8910165	3.7515638	4.9588513	2.9182868	0.1511992	2.085455	26.749792
2020-08-31 18:33:56	1	3658.476	-95	-95	3200	4096	-0.6928944	0.084169626	0.06484123	0.08361408	3.1876145E-5	3.999182E-4	0.011698933	0.38664436	-0.30241814	0.6890625	1.2935812	3.5746915	4.624154	5.9629397	2.9219897	0.13376394	1.7463776	27.27688
2020-09-01 00:32:19	1	3658.572	-95	-96	3200	4096	-0.69272614	0.085464075	0.06468225	0.08316436	1.948444E-5	3.726195E-4	0.011438301	0.30991367	-0.3791488	0.6890625	1.2860076	2.8977435	3.7265203	4.7913246	2.8480167	0.14561623	2.0730317	26.749792
2020-09-01 06:30:44	1	3658.488	-97	-97	3200	4096	-0.6232479	0.08472536	0.06995666	0.08414767	-2.1097915E-6	3.928632E-4	0.01139202	0.3935604	-0.3720646	0.765625	1.2684059	3.687322	4.677021	5.625775	3.0271919	0.13690639	1.8480557	25.695612
2020-09-01 12:28:58	1	3658.464	-97	-97	3200	4096	-0.6683704	0.083873734	0.07800666	0.090010084	2.3309043E-5	4.5594588E-4	0.012513345	0.36212045	-0.40350452	0.765625	1.2427837	3.2371762	4.02311	4.6421733	2.911833	0.14771475	2.0593536	26.61802
2020-09-01 18:27:37	1	3658.14	-93	-94	3200	4096	-0.68952984	0.083823144	0.057779506	0.08112211	7.625216E-5	3.8946452E-4	0.0113269985	0.4598423	-0.38234517	0.84218746	1.3119528	4.320674	5.6685205	7.958571	3.0355556	0.14465877	2.0241973	28.726377
2020-09-02 00:25:15	1	3658.368	-97	-97	3200	4096	-0.69222146	0.0853208	0.064245634	0.083291486	6.263378E-5	4.042477E-4	0.0116120465	0.38597146	-0.3796535	0.765625	1.2937602	3.5817957	4.6339846	6.007746	2.997989	0.13550001	1.747818	27.27688
2020-09-02 06:23:39	1	3658.464	-69	-70	3200	4096	-0.6174721	0.0839836	0.06590474	0.083339825	-1.0968161E-4	3.89572E-4	0.011472798	0.31122208	-0.37784043	0.6890625	1.2852336	2.9055994	3.734374	4.722302	2.9597094	0.14466463	2.0488405	26.09093
2020-09-02 12:21:54	1	3658.5	-71	-72	3200	4096	-0.6292481	0.08525127	0.07553886	0.088135205	1.51411E-5	4.2145335E-4	0.0120928595	0.32299805	-0.44262692	0.765625	1.2477142	2.9372127	3.6648018	4.2759194	2.8819833	0.14521533	1.9860588	26.354473
2020-09-02 18:20:32	1	3658.248	-71	-71	3200	4096	-0.6902401	0.08436933	0.058470674	0.08058695	-3.9336435E-5	3.9165816E-4	0.011288621	0.3839901	-0.38163486	0.765625	1.318426	3.6140952	4.764917	6.5672255	3.0734444	0.12071261	1.4096262	28.331059
2020-09-03 00:18:56	1	3658.272	-67	-67	3200	4096	-0.6930439	0.08419504	0.062954135	0.08103531	-4.1376596E-5	3.7190743E-4	0.011033731	0.31023142	-0.45539358	0.765625	1.2962444	2.9534159	3.8283486	4.9278955	3.0548515	0.13356136	1.8783433	26.881563
2020-09-03 06:17:21	1	3658.512	-71	-71	3200	4096	-0.62175256	0.08418229	0.06868737	0.08425346	1.2762782E-5	4.2582856E-4	0.011716736	0.46862757	-0.37355995	0.8421875	1.2847409	4.329368	5.562116	6.8226156	3.1018553	0.14667171	2.1362915	25.827385
2020-09-03 12:15:49	1	3658.38	-93	-94	3200	4096	-0.62221986	0.08491512	0.0697867	0.0846969	9.845604E-5	3.938093E-4	0.011589088	0.39253235	-0.2965302	0.68906254	1.2710339	3.6462867	4.6345544	5.6247444	2.9321587	0.14097068	1.9007818	25.827385
2020-09-03 18:14:05	1	3658.116	-71	-72	3200	4096	-0.68738025	0.0832247	0.06188528	0.08246661	-5.2280597E-5	3.7131633E-4	0.011400236	0.38113022	-0.3079323	0.6890625	1.2947286	3.5695748	4.6216307	6.1586576	2.8570404	0.13542885	1.861176	28.199286
2020-09-04 00:12:33	1	3658.5	-93	-94	3200	4096	-0.6445568	0.08425905	0.07706832	0.08705269	-1.0905411E-4	4.167066E-4	0.011578988	0.3383068	-0.42731816	0.765625	1.2360985	3.1439486	3.8862305	4.3897	3.1080582	0.15616512	2.1711922	26.354473
2020-09-04 06:10:48	1	3657.768	-93	-94	3200	4096	-0.6362015	0.085544154	0.07640279	0.08707221	8.361745E-5	3.9847908E-4	0.011559722	0.406514	-0.359111	0.765625	1.234793	3.7809575	4.6686997	5.320669	2.9820213	0.13660106	1.8471867	25.036749
2020-09-04 12:08:59	1	3658.068	-91	-91	3200	4096	-0.63401455	0.084754035	0.07579083	0.086727545	-6.6445136E-5	3.889713E-4	0.011485443	0.3277645	-0.43786046	0.765625	1.2357109	3.058356	3.7792437	4.324593	2.9486415	0.13519138	1.8375249	25.432068
2020-09-04 18:07:29	1	3658.092	-95	-96	3200	4096	-0.70790404	0.08290939	0.0739185	0.08557716	2.1111013E-5	3.887476E-4	0.011397252	0.32509157	-0.3639709	0.6890625	1.2475047	3.0451286	3.7988124	4.397973	2.9927294	0.13309032	1.8582085	28.594604
2020-09-05 00:06:08	1	3658.14	-91	-92	3200	4096	-0.7055489	0.08643082	0.07478013	0.08738371	1.2532632E-4	4.320623E-4	0.011987068	0.39929888	-0.3663261	0.765625	1.2529277	3.647049	4.5694885	5.3396387	3.0069103	0.13308954	1.6033138	27.27688
2020-09-05 06:04:32	1	3658.284	-93	-94	3200	4096	-0.632893	0.084970586	0.076301426	0.08810476	-3.329798E-5	4.373151E-4	0.01207054	0.40320548	-0.36241952	0.765625	1.2469928	3.6699748	4.576432	5.284377	3.0015185	0.1247704	1.4701253	25.695612
2020-09-05 12:02:54	1	3658.236	-71	-71	3200	4096	-0.637809	0.08543973	0.0764641	0.08713407	6.583087E-5	4.0860288E-4	0.011646945	0.331559	-0.3575035	0.6890625	1.2385628	3.0722375	3.805159	4.336139	3.0121553	0.13794741	1.7965271	25.827385
2020-09-05 18:01:25	1	3658.284	-93	-94	3200	4096	-0.70272636	0.08289233	0.07016139	0.08344486	-8.172439E-5	3.7225493E-4	0.011140516	0.3199139	-0.36914858	0.6890625	1.2648908	3.0309615	3.8338356	4.559686	2.999369	0.13884282	1.9695413	28.858149
2020-09-06 00:00:04	1	3658.332	-93	-93	3200	4096	-0.7031189	0.085079454	0.071947895	0.085042976	-7.2508985E-5	4.369509E-4	0.011580434	0.3968689	-0.44531858	0.8421875	1.2653887	3.687947	4.6666865	5.51606	3.2582395	0.14552143	1.9361944	27.935743
2020-09-06 05:58:33	1	3658.488	-95	-96	3200	4096	-0.6945019	0.08706884	0.07057309	0.0883587	7.8544486E-5	4.769805E-4	0.012760222	0.3882519	-0.37737307	0.765625	1.2784383	3.437039	4.3940425	5.5014153	2.9294367	0.1647011	2.311883	26.61802
2020-09-06 11:56:58	1	3658.668	-67	-68	3200	4096	-0.7029694	0.084355116	0.07093754	0.08390422	3.904387E-5	3.4929076E-4	0.011098038	0.32015687	-0.29234314	0.6125	1.2555653	3.0390632	3.815742	4.513222	2.8359241	0.1382255	1.8466163	26.881563
2020-09-06 17:55:39	1	3658.14	-71	-71	3200	4096	-0.70463294	0.08500525	0.07460166	0.08729493	-1.402289E-4	4.255715E-4	0.011917682	0.39838296	-0.44380453	0.8421875	1.2505668	3.6492603	4.563644	5.3401356	2.9963248	0.1192701	1.41137	29.648783
2020-09-06 23:54:27	1	3658.092	-69	-69	3200	4096	-0.7081097	0.08515667	0.073878385	0.08563376	8.165124E-5	4.324052E-4	0.011522555	0.40185967	-0.51689035	0.91875005	1.2535144	3.7436914	4.6927714	5.4394755	3.256817	0.121966064	1.4697962	28.594604
2020-09-07 05:53:00	1	3658.296	-97	-98	3200	4096	-0.7045208	0.08507788	0.07476916	0.087333545	6.1117626E-6	4.1907254E-4	0.0118868165	0.32170832	-0.36735415	0.6890625	1.248394	2.9507303	3.683674	4.302687	2.9659111	0.13545424	1.6914285	27.013336
2020-09-07 11:51:56	1	3567.288	-101	-101	3200	4096	-0.6949879	0.08527146	0.06819576	0.08484106	7.0170216E-5	3.9998157E-4	0.011698837	0.3887379	-0.37688708	0.765625	1.2758404	3.591323	4.581955	5.700323	2.9136026	0.14403063	2.0469363	26.61802
2020-09-07 17:49:59	1	3658.272	-95	-96	3200	4096	-0.7074181	0.08553137	0.07431511	0.08638575	3.0642266E-5	4.2295735E-4	0.011710137	0.40116808	-0.44101942	0.8421875	1.2526764	3.7071943	4.6439147	5.3982034	3.0844135	0.14099208	1.8287588	29.253468
2020-09-07 23:48:43	1	3658.236	-99	-100	3200	4096	-0.70302546	0.08507809	0.07257175	0.08609858	-8.94086E-5	4.151216E-4	0.011807736	0.32021296	-0.36884952	0.6890625	1.2620813	2.9468334	3.7191432	4.412364	2.9774334	0.133292	1.7449223	27.80397
2020-09-08 05:47:13	1	3658.284	-97	-97	3200	4096	-0.6694172	0.08504993	0.07918757	0.09151748	2.5707184E-5	4.998847E-4	0.012967727	0.4397297	-0.40245777	0.84218746	1.244308	3.8614807	4.804871	5.553014	2.9726386	0.17243758	2.2738013	26.61802
2020-09-08 11:45:37	1	3658.224	-71	-71	3200	4096	-0.7018852	0.086179	0.07312105	0.08712973	-1.6279824E-5	4.2979317E-4	0.012088722	0.39563525	-0.36998972	0.765625	1.2618967	3.5983613	4.5407605	5.410689	2.9410253	0.1353372	1.7707571	26.749792
2020-09-08 17:44:16	1	3658.464	-97	-97	3200	4096	-0.70481986	0.08514732	0.07341118	0.08618571	-5.354788E-5	4.039087E-4	0.011697161	0.3220074	-0.3670551	0.6890625	1.254888	2.9773207	3.736204	4.3863535	2.9520404	0.13925046	1.7515211	28.989922
2020-09-08 23:43:01	1	3658.416	-93	-94	3200	4096	-0.70306283	0.08521381	0.0719059	0.08517914	4.311229E-5	4.139205E-4	0.011617784	0.32025033	-0.36881214	0.6890625	1.2654017	2.971173	3.7597272	4.453742	3.066693	0.13563477	1.8441918	28.067516
2020-09-09 05:41:02	1	3658.176	-77	-77	3200	4096	-0.66794056	0.08522859	0.080639854	0.0928131	-5.495789E-5	5.321382E-4	0.013306807	0.43825302	-0.40393445	0.84218746	1.2428756	3.7991636	4.7218876	5.4346952	3.0052235	0.16306216	2.5130148	26.486246
2020-09-09 11:39:17	1	3657.972	-77	-77	3200	4096	-0.6371361	0.08321747	0.078154035	0.08877632	-2.5185736E-5	4.08751E-4	0.011898083	0.3308861	-0.3581764	0.6890625	1.2286873	3.033472	3.7271886	4.2337685	2.887386	0.13559544	1.7598864	26.354473
2020-09-09 17:37:57	1	3657.996	-77	-78	3200	4096	-0.7028198	0.08451798	0.071312584	0.08479837	4.1051302E-5	4.355243E-4	0.011614512	0.47313234	-0.36905512	0.84218746	1.2709047	4.390178	5.579498	6.634626	3.228572	0.15238735	2.093106	29.385239
2020-09-09 23:36:47	1	3658.212	-99	-99	3200	4096	-0.7000721	0.08457361	0.06988503	0.0841148	4.2973923E-5	4.131341E-4	0.011455018	0.4703846	-0.4483654	0.91875	1.2724053	4.394963	5.592174	6.730835	3.1484694	0.13857444	1.8200114	28.067516
2020-09-10 05:34:45	1	3658.332	-77	-77	3200	4096	-0.644725	0.084733784	0.07947797	0.08988641	-4.5893197E-5	4.7762788E-4	0.012373888	0.41503754	-0.42714992	0.84218746	1.2375394	3.7310777	4.617356	5.222045	3.1194448	0.14451271	2.0341887	26.354473
2020-09-10 11:33:04	1	3657.888	-69	-70	3200	4096	-0.63184625	0.084491074	0.07317961	0.0849763	2.1610758E-5	3.949843E-4	0.011376549	0.32559624	-0.36346626	0.6890625	1.2551842	3.0526297	3.8316123	4.4492755	3.0518193	0.1435503	1.9863366	26.2227
