2020-07-18 23:19:30	1	3662.928	-77	-78	6400	4096	0.28206253	0.08941352	0.11180381	0.12825549	5.9384143E-5	0.0018187276	0.025046103	0.560125	-0.58831257	1.1484375	1.2339402	3.5392797	4.3672595	5.0098915	2.8992612	0.17339796	2.4521012	28.989922
2020-07-19 00:19:24	1	3663.552	-81	-82	6400	4096	0.2847542	0.08790928	0.11027129	0.12765047	-5.7085068E-5	0.002026373	0.02543239	0.55743337	-0.5910042	1.1484375	1.2493128	3.49542	4.366873	5.0551085	3.1328893	0.13051778	1.7154453	28.594604
2020-07-19 01:18:51	1	3663.048	-93	-93	6400	4096	0.030411912	0.085915945	0.11049673	0.12714174	4.1614956E-5	0.0018337984	0.024953835	0.5055256	-0.48978692	0.9953125	1.2424545	3.2001805	3.9760787	4.5750275	2.9449437	0.1304915	1.5155587	28.331059
2020-07-22 10:00:25	1	3664.692	-67	-68	3200	4096	-0.48126337	0.08606996	0.075725086	0.08691697	-2.4636036E-5	4.0615269E-4	0.01164095	0.40470085	-0.36092415	0.765625	1.2413368	3.7509382	4.656178	5.3443437	2.9971776	0.14062697	1.9770995	29.253468
2020-07-22 15:59:09	1	3663.756	-67	-67	3200	4096	-0.48703918	0.085293025	0.077623226	0.08814797	-5.933637E-5	4.2120364E-4	0.011859924	0.3339142	-0.43171087	0.76562506	1.2354599	3.0661538	3.78811	4.30173	2.9945276	0.14170921	1.8550441	32.67955
2020-07-22 21:58:19	1	3665.052	-71	-71	3200	4096	-0.47627258	0.08506606	0.07481594	0.08698066	7.782985E-5	4.0333185E-4	0.011732913	0.3997101	-0.36591494	0.765625	1.2453178	3.6901345	4.5953903	5.3425794	2.9298868	0.1277935	1.6085322	30.57119
2020-07-23 03:56:33	1	3665.196	-69	-70	3200	4096	-0.47234726	0.084970795	0.07074328	0.08439958	-2.538286E-5	3.8904077E-4	0.011415105	0.31922227	-0.36984026	0.68906254	1.2659009	2.9878116	3.7822733	4.512404	2.9856253	0.14051366	1.8790673	28.989922
2020-07-23 09:54:42	1	3665.04	-71	-71	3200	4096	-0.47146875	0.083645225	0.07082114	0.08462362	7.3471034E-5	4.0641378E-4	0.011504388	0.39490625	-0.37071878	0.765625	1.2674773	3.6818173	4.66662	5.5761065	3.0707283	0.13945918	1.9424678	28.594604
2020-07-23 15:53:12	1	3665.028	-73	-73	3200	4096	-0.47655296	0.08603321	0.07406812	0.0862575	-4.8160327E-5	3.9066747E-4	0.011573092	0.39999047	-0.36563456	0.765625	1.2471763	3.7181332	4.6371675	5.4003053	2.9168117	0.13063121	1.5876623	32.28423
2020-07-23 21:52:06	1	3665.4	-67	-68	3200	4096	-0.47776794	0.08454552	0.07504816	0.087044775	-5.7838522E-5	4.0298692E-4	0.011766007	0.32464296	-0.36441958	0.68906254	1.2461544	2.9928946	3.7296088	4.3257947	2.9109364	0.13827597	1.8171327	31.757141
2020-07-24 03:50:39	1	3665.856	-65	-66	3200	4096	-0.47150612	0.085619226	0.06992972	0.0841847	5.4705954E-5	4.130574E-4	0.011555002	0.39494362	-0.3706814	0.765625	1.2768852	3.6740925	4.6913943	5.6477222	3.093644	0.13787343	1.8231286	30.17587
2020-07-24 09:48:48	1	3665.532	-69	-69	3200	4096	-0.46580505	0.08555052	0.06965748	0.0858885	1.14395E-5	4.050141E-4	0.011871194	0.38924256	-0.29981995	0.6890625	1.2685634	3.5725074	4.5319524	5.58795	2.8739643	0.13464591	1.7580227	29.385239
2020-07-24 15:47:53	1	3664.356	-73	-73	3200	4096	-0.47247812	0.08457556	0.07168029	0.08552327	-4.7043457E-5	4.330681E-4	0.011788075	0.3959156	-0.3697094	0.765625	1.2695129	3.6465418	4.629332	5.5233536	3.1165237	0.14714774	2.0197587	32.943092
2020-07-24 21:47:42	1	3665.58	-91	-92	3200	4096	-0.46649668	0.08568335	0.06849613	0.08488469	-9.704722E-6	4.0381716E-4	0.0117602125	0.38993415	-0.37569085	0.765625	1.2775509	3.5957022	4.593693	5.692791	2.9198089	0.14689367	1.9623001	32.547775
2020-07-25 03:46:37	1	3665.988	-95	-96	3200	4096	-0.48174936	0.0847424	0.075431414	0.0866834	-6.398867E-5	4.23214E-4	0.0117053045	0.32862434	-0.36043817	0.68906254	1.2481173	3.0374446	3.7910874	4.356598	3.0888338	0.13259816	1.9075234	30.702963
2020-07-25 09:44:56	1	3666.192	-89	-90	3200	4096	-0.48309517	0.08407125	0.075324096	0.08594943	-3.9902094E-5	3.7900143E-4	0.01129408	0.32997018	-0.35909235	0.68906254	1.2364668	3.1049118	3.8391201	4.380672	2.9712496	0.1377056	1.8843442	30.044102
2020-07-25 15:43:11	1	3665.784	-69	-70	3200	4096	-0.5144604	0.08419195	0.07563868	0.08670525	-5.179455E-5	3.8519775E-4	0.011501362	0.36133537	-0.32772714	0.68906254	1.2368847	3.3692703	4.167399	4.777124	2.9119592	0.13508554	1.8022035	31.361826
2020-07-25 21:42:06	1	3665.808	-67	-68	3200	4096	-0.5249279	0.08508666	0.07065024	0.085119285	-5.166555E-6	3.9522504E-4	0.011643925	0.3718029	-0.3172596	0.68906254	1.2677152	3.445586	4.368022	5.262585	2.9150481	0.13635918	1.8779814	30.834734
2020-07-26 03:40:46	1	3666.48	-71	-71	3200	4096	-0.5370777	0.084769465	0.060880315	0.08275615	5.298613E-5	4.1591236E-4	0.011677969	0.46051523	-0.38167232	0.8421875	1.3058202	4.261479	5.5647254	7.564271	3.0497708	0.13618332	1.7567712	29.912329
2020-07-26 09:39:04	1	3666.456	-91	-92	3200	4096	-0.53330195	0.08351431	0.062740326	0.08255498	1.4995744E-5	4.0260694E-4	0.011529212	0.45673943	-0.38544813	0.8421875	1.3006382	4.253718	5.5325484	7.2798386	3.0288794	0.14269263	1.9129696	29.385239
2020-07-26 15:37:06	1	3666.48	-89	-90	3200	4096	-0.6104626	0.08513108	0.0632099	0.083009176	-2.0362479E-5	3.8200396E-4	0.011414657	0.38077506	-0.4614124	0.84218746	1.2870795	3.563995	4.5871444	6.0239787	2.9318526	0.12363498	1.5360247	27.540424
2020-07-26 21:35:00	1	3666.516	-91	-91	3200	4096	-0.6746136	0.0835567	0.07233533	0.0853388	-1.5535115E-5	3.8346276E-4	0.011479084	0.3683636	-0.32069892	0.6890625	1.2554722	3.438136	4.316484	5.092443	2.910105	0.12885249	1.6380103	27.145107
2020-07-27 03:32:50	1	3666.084	-75	-76	3200	4096	-0.7073433	0.0837721	0.073640734	0.085289314	-2.6212915E-6	3.8901574E-4	0.0113007175	0.4010933	-0.36453167	0.765625	1.2464027	3.7730486	4.7027383	5.446623	3.046177	0.13553944	1.8627492	26.749792
2020-07-27 09:30:37	1	3665.772	-95	-96	3200	4096	-1.0288273	0.08455486	0.07681605	0.08653042	9.687942E-5	3.938733E-4	0.011383206	0.33976474	-0.3492978	0.68906254	1.2330011	3.184535	3.9265354	4.4230957	3.039677	0.12853788	1.6601485	26.749792
2020-07-27 15:28:29	1	3666.576	-89	-90	3200	4096	-1.0497249	0.08394578	0.07482052	0.08577905	1.5104119E-5	3.912017E-4	0.011357513	0.36066243	-0.3284001	0.68906254	1.2423971	3.3842254	4.2045517	4.820368	3.0327332	0.14037377	1.8784138	27.145107
2020-07-27 21:27:40	1	3666.228	-87	-88	3200	4096	-1.0585289	0.08355901	0.07136384	0.08466219	-8.955813E-5	3.877274E-4	0.011405265	0.36946636	-0.31959617	0.68906254	1.2614301	3.459571	4.364007	5.1772213	2.9806826	0.14600368	2.0658023	27.013336
2020-07-28 03:24:16	1	3666.108	-89	-89	3200	4096	-1.0567344	0.08464069	0.07282376	0.0855566	-9.241929E-6	3.8140215E-4	0.01147436	0.29110947	-0.397953	0.6890625	1.2520185	2.717641	3.4025369	3.9974515	2.8968513	0.13784754	1.8726056	26.486246
2020-07-28 09:22:00	1	3666.252	-67	-67	3200	4096	-1.0626411	0.084427506	0.070606254	0.085537136	7.7930854E-5	4.1176658E-4	0.011761443	0.3735786	-0.31548393	0.68906254	1.2678726	3.4447024	4.3674436	5.291013	2.9766645	0.14732945	2.1523852	26.881563
2020-07-28 15:19:59	1	3665.736	-67	-67	3200	4096	-1.073632	0.08676897	0.06420816	0.08549174	-9.745886E-5	4.7143025E-4	0.01239889	0.38456953	-0.45761794	0.84218746	1.3024685	3.4536908	4.498324	5.9894185	3.0665624	0.12905897	1.5775957	29.253468
2020-07-28 21:18:14	1	3666.192	-87	-88	3200	4096	-1.0640056	0.08457302	0.0691749	0.0844046	-3.9023093E-5	3.713723E-4	0.011411262	0.29838067	-0.3141194	0.6125001	1.2656124	2.7932117	3.5351233	4.3134236	2.8519518	0.13446936	1.9052153	28.331059
2020-07-29 03:15:35	1	3665.976	-89	-100	3200	4096	-1.0598934	0.08469488	0.070931695	0.08452051	-4.6589492E-5	3.767638E-4	0.011341078	0.3708309	-0.39479405	0.76562494	1.2599841	3.48216	4.387466	5.228	2.9292772	0.14054006	2.0144763	26.881563
2020-07-29 09:13:30	1	3666.06	-89	-89	3200	4096	-1.0594635	0.08373049	0.07076983	0.084214315	1.9697867E-5	3.7140827E-4	0.011243294	0.37040097	-0.39522398	0.76562494	1.2591019	3.493215	4.398314	5.2338824	2.9380856	0.123124376	1.5613705	26.881563
2020-07-29 15:11:27	1	3666.096	-71	-71	3200	4096	-1.0673141	0.084466144	0.0643708	0.08232273	-5.1124265E-5	3.7989032E-4	0.011304983	0.3782516	-0.38737333	0.76562494	1.2915617	3.5575078	4.594741	5.876137	2.9724765	0.1359067	1.8935541	29.648783
2020-07-29 21:10:01	1	3666.42	-69	-70	3200	4096	-1.0651271	0.08448292	0.06758113	0.084068365	-3.463227E-5	4.1442877E-4	0.011670943	0.37606466	-0.38956028	0.76562494	1.2850511	3.481044	4.4733195	5.56464	3.0425518	0.14106792	1.9407796	29.912329
2020-07-30 03:08:13	1	3666.456	-87	-88	3200	4096	-1.0672954	0.08298826	0.062071253	0.07975501	-9.352762E-6	3.6000027E-4	0.010762422	0.45479545	-0.387392	0.84218746	1.3007597	4.3839045	5.7024064	7.32699	3.1080127	0.12253928	1.499561	28.726377
2020-07-30 09:06:19	1	3666.084	-73	-74	3200	4096	-1.060529	0.08524099	0.07034228	0.08482995	5.5378885E-5	4.2368975E-4	0.011679334	0.44802895	-0.3941585	0.84218746	1.2739718	4.145692	5.2814946	6.3692694	3.106074	0.13832167	1.9375577	28.462831
2020-07-30 15:04:56	1	3666.096	-91	-91	3200	4096	-1.0754077	0.08607987	0.06643704	0.08583898	-1.0312284E-4	4.6678103E-4	0.012379479	0.38634527	-0.37927967	0.76562494	1.2961838	3.4723573	4.5008135	5.815209	3.0458498	0.12960485	1.7150338	32.547775
2020-07-30 21:04:24	1	3666.36	-71	-71	3200	4096	-1.0697815	0.085984126	0.06326676	0.08373146	1.2673285E-6	4.0610402E-4	0.011799391	0.3041565	-0.38490596	0.6890625	1.2973021	2.8000598	3.6325235	4.807524	2.9168768	0.151633	2.1757112	31.493595
2020-07-31 03:03:02	1	3666.864	-67	-67	3200	4096	-1.065202	0.08528882	0.06887188	0.08538121	1.5003793E-5	4.147146E-4	0.011895199	0.37613943	-0.3894855	0.76562494	1.2773901	3.44876	4.405412	5.4614367	2.9309328	0.13480659	1.7956103	30.307644
2020-07-31 09:01:42	1	3666.744	-65	-65	3200	4096	-1.0612392	0.08501922	0.06977582	0.08416951	-8.81615E-5	3.9487524E-4	0.011437348	0.3721767	-0.39344823	0.76562494	1.2705972	3.4800582	4.4217525	5.3338923	3.0186253	0.12660411	1.6860763	29.51701
2020-07-31 14:59:53	1	3666.384	-93	-93	3200	4096	-1.0695385	0.084707215	0.061756916	0.08270209	3.0382256E-5	4.1299473E-4	0.011779711	0.38047597	-0.30858657	0.68906254	1.3123534	3.5055804	4.60056	6.160864	2.9762902	0.1498642	1.9953591	31.230053
2020-07-31 20:58:48	1	3666.552	-89	-90	3200	4096	-1.0568092	0.086489476	0.07284372	0.08616299	-2.1733256E-5	4.2347997E-4	0.011857294	0.3677467	-0.32131582	0.68906254	1.2637815	3.377194	4.2680354	5.048434	3.012047	0.14937183	1.9776495	29.51701
2020-08-01 02:57:05	1	3666.732	-63	-63	3200	4096	-1.0573139	0.08459437	0.07152672	0.084509596	-3.7242302E-5	3.8863966E-4	0.0113441665	0.36825138	-0.39737356	0.76562494	1.2603184	3.4574673	4.3575096	5.1484447	3.019965	0.142649	1.818939	28.067516
2020-08-01 08:55:16	1	3666.24	-63	-64	3200	4096	-1.0560615	0.08495554	0.07310846	0.085947774	8.521183E-6	4.3622206E-4	0.011765513	0.44356155	-0.3986259	0.84218746	1.2620332	4.0892954	5.160826	6.067171	3.1512723	0.13116664	1.7206419	28.199286
2020-08-01 14:53:31	1	3666.84	-63	-64	3200	4096	-0.91074985	0.08445729	0.06762032	0.08305863	-5.155429E-5	3.9211003E-4	0.011284678	0.45137483	-0.3908127	0.8421875	1.2789683	4.2490587	5.4344115	6.6751356	3.079141	0.13172942	1.753352	29.780556
2020-08-01 20:52:06	1	3666.948	-63	-64	3200	4096	-0.8797772	0.08437756	0.07698833	0.08643775	-2.1989279E-5	3.7763757E-4	0.011245164	0.42040214	-0.34522286	0.765625	1.226816	3.9644415	4.863641	5.460595	2.9863698	0.12395599	1.4103608	29.121695
2020-08-02 02:50:15	1	3666.816	-63	-63	3200	4096	-0.8743565	0.08454552	0.07773673	0.08752057	-1.246374E-4	4.055294E-4	0.011557473	0.41498145	-0.42720607	0.8421875	1.2283477	3.8600883	4.7415304	5.3382936	3.0359638	0.12768905	1.5456425	28.199286
2020-08-02 08:48:25	1	3667.116	-89	-89	3200	4096	-0.8630104	0.084644966	0.07649897	0.08783487	-8.630719E-5	4.2058228E-4	0.011856758	0.32707295	-0.3619896	0.68906254	1.2396983	3.003735	3.7237256	4.275521	2.991707	0.12753484	1.6438758	27.672197
2020-08-02 14:46:46	1	3666.24	-93	-93	3200	4096	-0.8678143	0.08564705	0.07703049	0.087657265	-1.2845215E-5	4.126358E-4	0.011743816	0.40843925	-0.35718575	0.765625	1.2362796	3.7689714	4.6595025	5.302306	2.9919095	0.14699283	2.0919328	32.15246
2020-08-02 20:46:33	1	3666.66	-91	-65	3200	4096	-0.8666367	0.08629981	0.07662033	0.08754154	-5.0475017E-5	4.2270112E-4	0.011804217	0.3306992	-0.43492585	0.76562506	1.2410932	3.0437891	3.7776256	4.3160763	3.0336053	0.16109216	2.3181198	31.888914
2020-08-03 02:45:17	1	3666.888	-65	-100	3200	4096	-0.85970193	0.08425811	0.07419166	0.08643154	-3.1786378E-5	4.0925495E-4	0.011681633	0.4003269	-0.44186062	0.8421875	1.2504879	3.703932	4.6317225	5.3958483	2.9990716	0.13751018	1.9256649	28.858149
2020-08-03 08:43:39	1	3666.504	-89	-90	3200	4096	-0.8544869	0.083939746	0.070867606	0.08476195	7.0458824E-5	3.8430394E-4	0.011492217	0.3185494	-0.37051314	0.68906254	1.2647392	2.971494	3.758165	4.4949927	2.9098272	0.1373841	1.8680291	27.935743
2020-08-03 14:42:17	1	3665.652	-91	-91	3200	4096	-0.8560196	0.08492342	0.072119564	0.085430264	2.7104827E-5	4.0280467E-4	0.01158955	0.3966446	-0.3689804	0.765625	1.260148	3.6844125	4.642905	5.4998198	2.9988952	0.1403972	1.8617445	32.811317
2020-08-03 20:42:35	1	3666.756	-91	-91	3200	4096	-0.8718331	0.08456495	0.076298244	0.08635776	-1.628492E-6	4.000743E-4	0.011400044	0.41245803	-0.4297295	0.8421875	1.2363797	3.863016	4.776155	5.405865	3.0784178	0.13101113	1.6649805	31.888914
2020-08-04 02:41:44	1	3667.176	-91	-91	3200	4096	-0.8757397	0.08574673	0.07913425	0.08925492	-9.062528E-5	4.428329E-4	0.0120819425	0.41636467	-0.42582285	0.8421875	1.231505	3.7879608	4.664893	5.261498	3.0336561	0.13980967	1.6163363	30.307644
2020-08-04 08:40:17	1	3666.708	-67	-67	3200	4096	-0.8706181	0.08337787	0.07763685	0.08781298	-2.469447E-5	4.0558566E-4	0.01166953	0.3346806	-0.43094447	0.76562506	1.230178	3.09816	3.8112884	4.310847	2.978351	0.1306601	1.7664733	28.989922
2020-08-04 14:39:17	1	3665.712	-65	-66	3200	4096	-0.87366486	0.08529551	0.07847136	0.08830036	-4.342368E-5	3.9974554E-4	0.011683064	0.41428986	-0.35133514	0.765625	1.2240971	3.8328862	4.691825	5.279504	2.9286678	0.1333077	1.8242288	32.811317
2020-08-04 20:39:41	1	3666.48	-95	-95	3200	4096	-0.87951547	0.083864555	0.07693656	0.086620204	-4.676866E-6	4.0509683E-4	0.01143364	0.42014045	-0.34548455	0.765625	1.2344487	3.929183	4.8503747	5.460869	3.0987735	0.13840917	1.7242755	31.888914
2020-08-05 02:39:28	1	3666.804	-89	-89	3200	4096	-0.8724125	0.085232876	0.076719865	0.08674982	3.7486752E-5	4.0895157E-4	0.011509894	0.336475	-0.35258752	0.68906254	1.2367078	3.136297	3.8786829	4.3857613	3.0869472	0.13942716	1.9059246	31.09828
2020-08-05 08:38:22	1	3667.236	-95	-95	3200	4096	-0.8743565	0.085174054	0.078791544	0.0889619	-1.9064471E-5	4.400871E-4	0.012038325	0.41498145	-0.35064355	0.765625	1.233329	3.78221	4.66471	5.266827	3.0367324	0.1359906	1.7380394	30.17587
2020-08-05 14:37:29	1	3666.78	-89	-89	3200	4096	-0.87437516	0.08419091	0.07766432	0.08725587	-1.6455026E-5	3.8278586E-4	0.011391693	0.33843768	-0.35062486	0.68906254	1.2232056	3.170915	3.878681	4.3576984	2.9497104	0.15837772	2.3062823	30.439417
2020-08-05 20:36:10	1	3667.344	-69	-70	3200	4096	-0.91052556	0.08485975	0.06832546	0.08417775	4.397185E-5	4.0699705E-4	0.011633092	0.37458804	-0.39103702	0.76562506	1.2812984	3.4730124	4.449965	5.482408	3.0074675	0.14973375	2.0392835	29.121695
2020-08-06 02:34:23	1	3667.452	-71	-72	3200	4096	-0.9073853	0.085062586	0.07115398	0.084957555	2.97043E-6	3.8891385E-4	0.011445639	0.37144777	-0.3941773	0.76562506	1.2592676	3.4719844	4.372157	5.220337	2.968748	0.13111678	1.6689636	28.462831
2020-08-06 08:32:08	1	3667.452	-91	-91	3200	4096	-0.9068432	0.084777	0.070086546	0.08400923	-3.4404802E-5	3.878234E-4	0.011354313	0.37090573	-0.3181568	0.68906254	1.2683918	3.4808323	4.415059	5.2921104	3.0082386	0.12610552	1.4848174	27.935743
2020-08-06 14:30:37	1	3666.828	-87	-91	3200	4096	-0.918021	0.08461593	0.058343362	0.081048004	-6.51206E-5	3.8423913E-4	0.011289475	0.305521	-0.46010405	0.76562506	1.3109754	2.8754394	3.7696304	5.236603	3.0147698	0.13215268	1.6864043	30.834734
2020-08-06 20:29:37	1	3666.792	-95	-100	3200	4096	-0.9158528	0.08402686	0.06357244	0.082768634	1.2933561E-5	3.819167E-4	0.011430447	0.37991527	-0.3857098	0.76562506	1.2917124	3.5534904	4.5900874	5.9761004	2.9230902	0.121314555	1.4616244	30.702963
2020-08-07 02:28:22	1	3667.644	-89	-90	3200	4096	-0.91517985	0.08471237	0.06400043	0.082398936	-3.109382E-6	3.6737957E-4	0.011262949	0.37924236	-0.30982018	0.68906254	1.2879661	3.5734754	4.602515	5.925622	2.8960817	0.14564356	2.0541303	29.385239
2020-08-07 08:26:37	1	3667.356	-77	-78	3200	4096	-0.9157593	0.084897414	0.06528466	0.08423499	-1.9666748E-5	4.1470287E-4	0.0117633445	0.3798218	-0.38580325	0.76562506	1.287576	3.5019867	4.509074	5.8179336	2.9969215	0.13864794	1.8258159	28.594604
2020-08-07 14:25:26	1	3666.648	-95	-96	3200	4096	-0.9221146	0.08600348	0.06544977	0.08431679	-4.5712084E-5	4.2154986E-4	0.0118153505	0.5393021	-0.37944797	0.91875005	1.2891672	4.961452	6.396141	8.239939	3.019644	0.13753556	1.769584	31.625368
2020-08-07 20:25:05	1	3666.588	-93	-94	3200	4096	-0.91699296	0.084422864	0.062739104	0.08360795	4.9378603E-5	4.1084236E-4	0.011792099	0.38105547	-0.3845696	0.76562506	1.298817	3.509075	4.5576468	6.073652	2.954561	0.12805359	1.5877905	31.230053
2020-08-08 02:23:48	1	3667.764	-71	-71	3200	4096	-0.90888065	0.08420599	0.070145704	0.08464753	4.3928405E-5	3.7614047E-4	0.011428733	0.37294313	-0.3161194	0.68906254	1.262946	3.488539	4.405836	5.316693	2.8797436	0.1265974	1.609563	29.385239
2020-08-08 08:22:14	1	3667.344	-89	-100	3200	4096	-0.91534805	0.084887445	0.06354203	0.0828104	-3.6608633E-6	4.1922208E-4	0.011649089	0.3794106	-0.462777	0.8421876	1.3033502	3.5153086	4.581678	5.9710174	3.0893006	0.15059943	2.1240563	28.462831
2020-08-08 14:21:11	1	3666.492	-77	-77	3200	4096	-0.91846967	0.08501661	0.05889628	0.082227945	4.5157008E-6	3.9187644E-4	0.0114359	0.4590946	-0.3830929	0.8421875	1.3005161	4.293061	5.5831947	7.7949677	2.9964597	0.1473876	1.9450934	30.702963
2020-08-08 20:20:24	1	3666.84	-95	-95	3200	4096	-0.9183762	0.085639834	0.059189014	0.08313399	-2.4912883E-5	4.147236E-4	0.011858015	0.3824387	-0.38318637	0.76562506	1.3098676	3.5120106	4.600269	6.4613123	2.949407	0.12382919	1.5423591	30.966507
2020-08-09 02:19:06	1	3667.608	-73	-74	3200	4096	-0.91424525	0.085706785	0.066016436	0.08362286	-1.6895603E-5	3.6524807E-4	0.0114185475	0.37830776	-0.31075478	0.68906254	1.2778517	3.540298	4.523976	5.730509	2.8013422	0.13619888	1.7619972	29.385239
2020-08-09 08:17:24	1	3667.224	-91	-71	3200	4096	-0.9080395	0.08274183	0.0676228	0.08194022	-1.6025297E-5	3.6652017E-4	0.010946314	0.37210202	-0.39352304	0.76562506	1.276841	3.556543	4.54114	5.502611	3.0588777	0.13260907	1.7041978	28.199286
2020-08-09 14:16:09	1	3666.168	-65	-66	3200	4096	-0.91815186	0.08572266	0.059504252	0.08255709	-5.1648934E-5	4.0966077E-4	0.011686064	0.3822144	-0.38341066	0.76562506	1.3094224	3.5356796	4.629698	6.423312	2.999769	0.12663122	1.5829322	32.67955
2020-08-09 20:17:22	1	3666.348	-63	-64	3200	4096	-0.9169369	0.08510884	0.062202554	0.08249343	-1.1279698E-4	3.9237845E-4	0.011449864	0.38099942	-0.38462564	0.76562506	1.297122	3.5606077	4.6185427	6.1251407	2.9929843	0.12749292	1.6230628	32.15246
2020-08-10 02:16:31	1	3667.584	-63	-64	3200	4096	-0.9126564	0.08350417	0.06756122	0.08443989	5.9630256E-5	4.0759848E-4	0.011697948	0.4532814	-0.38890612	0.8421875	1.2808763	4.1909556	5.3680954	6.709195	2.9786067	0.13312022	1.7745899	28.067516
2020-08-10 08:14:31	1	3667.572	-65	-65	3200	4096	-0.9083012	0.08471033	0.07002156	0.084559456	7.179461E-5	4.1690684E-4	0.011581538	0.3723637	-0.39326137	0.76562506	1.272685	3.4600646	4.4035726	5.317843	3.108183	0.14408877	2.048491	26.61802
2020-08-10 14:12:45	1	3666.996	-67	-67	3200	4096	-0.91286206	0.085014924	0.06954096	0.08651351	7.2473194E-5	4.05103E-4	0.012056758	0.37692454	-0.38870052	0.76562506	1.2692037	3.4327261	4.3568287	5.42018	2.786791	0.13074777	1.6678582	31.625368
2020-08-10 20:13:11	1	3667.44	-65	-66	3200	4096	-0.9131985	0.084404744	0.066123106	0.083533876	1.6340156E-5	4.1884556E-4	0.011659897	0.377261	-0.38836405	0.76562506	1.2926612	3.493772	4.5162635	5.705434	3.0808072	0.13592981	1.797447	30.834734
2020-08-11 02:12:06	1	3667.524	-91	-65	3200	4096	-0.90646935	0.082841754	0.07045986	0.083991	1.3453011E-5	3.7627845E-4	0.011227921	0.3705319	-0.39509317	0.76562506	1.2615861	3.4968412	4.4115663	5.2587657	2.9847689	0.12938097	1.6488401	29.121695
2020-08-11 08:10:55	1	3667.452	-89	-90	3200	4096	-0.8991608	0.08506623	0.074611835	0.08606199	-4.2227948E-5	4.011934E-4	0.011471556	0.3632233	-0.40240175	0.76562506	1.244514	3.3912714	4.2204847	4.8681726	3.048661	0.14009297	1.8893442	28.462831
2020-08-11 14:10:05	1	3666.936	-63	-63	3200	4096	-0.92007715	0.08643672	0.062813535	0.084666364	4.1128595E-5	4.2558304E-4	0.012118286	0.30757713	-0.3814854	0.68906254	1.3001987	2.7940452	3.632814	4.89667	2.8980234	0.1472756	1.9712896	31.493595
2020-08-11 20:10:28	1	3666.876	-65	-65	3200	4096	-0.92387164	0.08547559	0.0648333	0.08299964	-1.11504014E-4	4.1991912E-4	0.011674503	0.31137162	-0.3776909	0.68906254	1.3017962	2.8817735	3.7514815	4.80265	3.0809798	0.15325686	2.3183105	30.966507
2020-08-12 02:09:53	1	3667.296	-63	-63	3200	4096	-0.9197594	0.08568396	0.061100088	0.08345201	-5.6149374E-6	4.02622E-4	0.01182279	0.30725938	-0.38180315	0.68906254	1.3029363	2.8258243	3.681869	5.028788	2.8804317	0.13310757	1.6552545	29.780556
2020-08-12 08:08:48	1	3667.14	-65	-66	3200	4096	-0.9233856	0.084614605	0.065017916	0.083155654	5.60813E-5	4.0482712E-4	0.011604827	0.38744816	-0.30161437	0.68906254	1.2954705	3.5966177	4.6593122	5.959098	3.0060227	0.14185658	1.9054061	29.121695
2020-08-12 14:07:54	1	3666.912	-93	-93	3200	4096	-0.92127347	0.08418071	0.062497504	0.08211015	-9.978808E-6	3.707507E-4	0.011315122	0.30877343	-0.30372658	0.6125	1.2954861	2.9027545	3.760478	4.9405723	2.895766	0.13582666	1.8924235	29.912329
2020-08-12 20:06:52	1	3667.176	-61	-62	3200	4096	-0.91732943	0.0853522	0.06076512	0.08237649	-5.2476742E-5	4.1018927E-4	0.011644334	0.38139194	-0.38423312	0.76562506	1.309948	3.5343878	4.629864	6.2764945	3.0252066	0.123945646	1.5073919	28.462831
2020-08-13 02:05:21	1	3666.972	-61	-61	3200	4096	-0.9183201	0.08455419	0.060516044	0.08398171	-1.3136456E-4	4.4637555E-4	0.012056895	0.3823826	-0.38324246	0.76562506	1.3074739	3.482414	4.5531654	6.318698	3.0706441	0.14618611	2.0121238	27.013336
2020-08-13 08:03:48	1	3666.96	-63	-64	3200	4096	-0.9125069	0.08544518	0.06851888	0.085576504	5.1649636E-7	4.2181954E-4	0.012022396	0.3765694	-0.38905567	0.76562506	1.2812709	3.434389	4.400383	5.495849	2.9183989	0.13107198	1.6733699	26.881563
2020-08-13 14:02:26	1	3666.78	-61	-62	3200	4096	-0.9255539	0.084296376	0.06682622	0.08324802	-3.523727E-5	3.7869418E-4	0.011388254	0.38961643	-0.37600863	0.76562506	1.2819015	3.6509736	4.6801887	5.8302927	2.9199426	0.12760592	1.5901635	30.044102
2020-08-13 20:02:41	1	3666.132	-59	-60	3200	4096	-0.9274605	0.085094884	0.06843184	0.084172435	-6.4048086E-6	4.159881E-4	0.011696416	0.391523	-0.37410206	0.76562506	1.284862	3.620186	4.6514397	5.7213573	3.0407119	0.13335656	1.6731737	30.439417
2020-08-14 02:01:52	1	3667.26	-59	-60	3200	4096	-0.92970353	0.083772935	0.06933412	0.08361536	3.946322E-5	3.827424E-4	0.0112973945	0.31720352	-0.371859	0.68906254	1.2711684	2.984344	3.7936034	4.5749993	2.9988172	0.14924647	2.1217978	28.858149
2020-08-14 08:00:47	1	3666.828	-61	-61	3200	4096	-0.9261894	0.08486742	0.06679995	0.08256531	7.50138E-6	3.7255208E-4	0.011167399	0.39025196	-0.3753731	0.76562506	1.279907	3.692913	4.7265854	5.842099	2.9873285	0.14270997	1.9763631	28.199286
2020-08-14 13:59:46	1	3667.2	-61	-62	3200	4096	-0.9286568	0.084101185	0.07031211	0.08530787	-6.928986E-5	4.252598E-4	0.011800082	0.31615677	-0.52603066	0.84218746	1.2733666	2.910449	3.7060683	4.496477	3.0541072	0.13413426	1.7344307	30.17587
2020-08-14 19:58:51	1	3667.344	-61	-62	3200	4096	-0.93600273	0.084742114	0.07352209	0.0857633	-1.5771971E-5	3.6924705E-4	0.011444578	0.32350275	-0.3655598	0.68906254	1.247379	3.0239742	3.7720416	4.400075	2.8191452	0.12773599	1.643606	30.57119
2020-08-15 01:57:45	1	3667.5	-61	-62	3200	4096	-0.93450737	0.08429101	0.07381723	0.08656614	-1.9169293E-5	3.999336E-4	0.011742953	0.3220074	-0.36705515	0.68906254	1.2518163	2.9715097	3.7197843	4.362225	2.9002354	0.13716665	1.743471	29.780556
2020-08-15 07:56:35	1	3667.38	-61	-62	3200	4096	-0.9320774	0.08590533	0.072424345	0.08587745	5.097464E-5	4.0428195E-4	0.011670518	0.39613995	-0.3694851	0.76562506	1.2579573	3.666938	4.6128516	5.469707	2.968275	0.13688266	1.8679743	29.385239
2020-08-15 13:55:38	1	3667.296	-95	-95	3200	4096	-0.9265446	0.086591944	0.06889499	0.0850212	-6.5530345E-5	4.163284E-4	0.011838902	0.3906071	-0.37501797	0.76562506	1.2797599	3.5899172	4.594232	5.669601	2.9703882	0.14277986	2.0133982	29.51701
2020-08-15 19:54:19	1	3667.692	-67	-68	3200	4096	-0.92200243	0.085035846	0.0643706	0.08323926	-3.532796E-5	3.948643E-4	0.011535596	0.38606495	-0.3795601	0.76562506	1.2903032	3.5945153	4.6380153	5.997535	2.9673436	0.14679039	2.0270324	28.989922
2020-08-16 01:53:05	1	3667.464	-67	-68	3200	4096	-0.91886216	0.08531818	0.05915236	0.0830971	3.2173397E-5	3.9700928E-4	0.011603406	0.38292468	-0.38270038	0.76562506	1.2963041	3.5548446	4.6081595	6.4735317	2.948694	0.15320109	2.3047543	27.80397
2020-08-16 07:51:43	1	3666.84	-69	-70	3200	4096	-0.9177033	0.08243356	0.05924585	0.080970675	4.814649E-5	3.6054818E-4	0.011115746	0.45832825	-0.38385928	0.8421875	1.3020916	4.347177	5.6604223	7.7360396	2.9180052	0.1471838	2.2541366	27.540424
2020-08-16 13:50:33	1	3667.068	-71	-71	3200	4096	-0.91564715	0.083519965	0.063032426	0.08223451	-1.9287138E-5	3.8216624E-4	0.011367676	0.37970966	-0.3859154	0.76562506	1.2965275	3.5613594	4.6174006	6.024037	2.9573927	0.13783872	1.9783807	28.199286
2020-08-16 19:49:08	1	3667.368	-67	-69	3200	4096	-0.9106377	0.08450196	0.06788477	0.083892435	-4.2302294E-5	4.0891254E-4	0.011612026	0.3747002	-0.39092487	0.76562506	1.2844913	3.477202	4.466436	5.5196505	3.032595	0.12771773	1.5402955	28.067516
2020-08-17 01:47:40	1	3667.152	-95	-95	3200	4096	-0.9107125	0.08438851	0.06970026	0.085390024	3.6330868E-5	4.1585407E-4	0.011822175	0.37477496	-0.3908501	0.76562506	1.2733316	3.446846	4.388978	5.3769517	2.9754057	0.13223098	1.7027147	27.145107
2020-08-17 07:46:01	1	3666.732	-71	-72	3200	4096	-0.91052556	0.083845	0.06734279	0.08256622	1.6043234E-5	3.6879382E-4	0.011086409	0.37458804	-0.39103702	0.76562506	1.2752433	3.5576112	4.53682	5.5624075	3.000557	0.13104689	1.6827862	26.61802
2020-08-17 13:44:29	1	3667.116	-69	-70	3200	4096	-0.9128807	0.083813705	0.06651108	0.083123036	-5.5984277E-5	3.8918326E-4	0.011357166	0.37694323	-0.38868183	0.76562506	1.2820755	3.537048	4.534763	5.667375	3.0172703	0.14106621	1.945627	27.540424
2020-08-17 19:43:09	1	3666.588	-67	-68	3200	4096	-0.912806	0.08452277	0.066303216	0.08303732	9.673135E-6	3.9401423E-4	0.011390629	0.37686846	-0.46531913	0.8421876	1.2852883	3.5311482	4.5385437	5.684015	3.036802	0.13727263	1.9531564	27.935743
2020-08-18 01:41:58	1	3666.816	-65	-65	3200	4096	-0.90618896	0.085283786	0.0714701	0.08529693	7.764989E-6	4.2752392E-4	0.01169179	0.44681397	-0.39537355	0.8421875	1.2676725	4.1322465	5.2383356	6.251761	3.1275082	0.14166641	1.9530737	27.672197
2020-08-18 07:40:08	1	3666.564	-67	-67	3200	4096	-0.9073479	0.08233422	0.069563046	0.083231814	-2.9902189E-5	3.6287765E-4	0.011029767	0.3714104	-0.47077718	0.8421876	1.2618096	3.5364776	4.4623613	5.339191	2.9828234	0.13311489	1.7538149	27.408653
2020-08-18 13:39:02	1	3666.456	-69	-69	3200	4096	-0.90514225	0.08498843	0.07358722	0.0868683	-6.700893E-5	4.2608537E-4	0.011907686	0.36920473	-0.39642033	0.76562506	1.2561814	3.3834019	4.2501664	5.01724	3.0049822	0.13535103	1.7933027	27.408653
2020-08-18 19:37:36	1	3666.528	-67	-100	3200	4096	-0.9021515	0.084759906	0.07469942	0.08711517	-1.9844645E-6	3.987398E-4	0.011777276	0.366214	-0.39941105	0.76562506	1.2457435	3.374524	4.2037916	4.902502	2.8747487	0.13771456	1.861175	26.749792
2020-08-19 01:36:01	1	3666.876	-67	-68	3200	4096	-0.9387879	0.08572637	0.07880436	0.091344215	6.14108E-5	5.102899E-4	0.013045169	0.40285036	-0.3627747	0.76562506	1.250385	3.5271094	4.410245	5.1120315	2.998593	0.16200788	2.5577278	26.2227
2020-08-19 07:34:19	1	3666.888	-69	-69	3200	4096	-0.9616108	0.08596605	0.080338016	0.0903494	4.3556297E-6	4.4008053E-4	0.01223503	0.42567334	-0.41651425	0.8421876	1.2242701	3.8483443	4.711413	5.298529	2.939829	0.14134493	1.8554755	26.2227
2020-08-19 13:32:38	1	3666.516	-91	-91	3200	4096	-0.8977963	0.0835049	0.07510021	0.086585924	-5.5443237E-5	3.9706845E-4	0.011620882	0.3618588	-0.32720375	0.68906254	1.2450083	3.3567543	4.1791873	4.8183455	2.9402697	0.1320127	1.7348981	26.881563
2020-08-19 19:31:07	1	3666.9	-69	-69	3200	4096	-0.9000767	0.085029185	0.07422538	0.08610858	-1.5205453E-5	4.0598854E-4	0.011579587	0.3641392	-0.40148586	0.76562506	1.2496836	3.3839264	4.2288375	4.9058585	3.027803	0.13934927	1.8728069	27.27688
2020-08-20 01:29:26	1	3666.696	-65	-65	3200	4096	-0.972583	0.08367105	0.077277415	0.08821695	-5.5467544E-6	3.996283E-4	0.011822376	0.360083	-0.32897952	0.68906254	1.232538	3.3116944	4.081789	4.659615	2.859214	0.12893811	1.5416728	25.827385
2020-08-20 07:27:55	1	3666.756	-91	-91	3200	4096	-0.97385406	0.0855152	0.07596436	0.08737833	3.6121022E-5	4.095629E-4	0.011778364	0.36135405	-0.32770848	0.68906254	1.242049	3.3295877	4.135511	4.75689	2.952233	0.14306077	1.7623087	25.432068
2020-08-20 13:26:10	1	3666.72	-69	-70	3200	4096	-0.8991421	0.08452387	0.07559151	0.08756487	4.0955394E-5	4.3364524E-4	0.01197028	0.3632046	-0.40242046	0.76562506	1.2494596	3.3197029	4.147835	4.8048334	3.026398	0.13576224	1.7400931	26.749792
2020-08-20 19:24:33	1	3666.732	-67	-68	3200	4096	-1.2740479	0.08419494	0.07591839	0.08602652	3.7637743E-5	3.8615736E-4	0.0112728365	0.35529783	-0.41032717	0.765625	1.2341963	3.3463855	4.1300964	4.679997	3.0387704	0.118910305	1.3573403	28.067516
2020-08-21 01:23:23	1	3666.36	-69	-69	3200	4096	-1.2637485	0.08375563	0.07809572	0.08759332	-1.020116E-5	3.972134E-4	0.011500165	0.34499854	-0.42062646	0.765625	1.2242808	3.217105	3.9386399	4.417637	3.003418	0.1450657	2.111605	26.486246
2020-08-21 07:21:42	1	3666.768	-67	-68	3200	4096	-1.3311707	0.083759844	0.07639277	0.08632251	3.081144E-6	3.8330563E-4	0.011310669	0.33585817	-0.35320437	0.68906254	1.2320266	3.1579976	3.890737	4.3964653	2.996185	0.12945792	1.580859	25.432068
2020-08-21 13:19:45	1	3666.588	-71	-71	3200	4096	-1.2583092	0.083761945	0.07765305	0.08732352	1.2719889E-5	3.8823884E-4	0.011461351	0.4161217	-0.42606583	0.8421875	1.2259893	3.8868916	4.765288	5.3587294	2.9554758	0.14006993	2.048227	27.27688
2020-08-21 19:17:54	1	3667.32	-93	-93	3200	4096	-0.18720055	0.08539707	0.077966385	0.087910235	-5.802889E-6	4.2723416E-4	0.0117803635	0.41688806	-0.34873694	0.765625	1.2346387	3.840963	4.7422013	5.347023	3.078567	0.1360184	1.8084742	28.594604
2020-08-22 01:16:08	1	3667.212	-73	-73	3200	4096	-0.17871438	0.08468483	0.075818226	0.08620811	-1.4172802E-5	3.8194828E-4	0.011339297	0.40840188	-0.35722312	0.765625	1.2352217	3.8352587	4.737395	5.386593	2.9705188	0.13134763	1.739687	27.145107
2020-08-22 07:14:11	1	3666.492	-73	-73	3200	4096	-0.23806153	0.086214215	0.0692151	0.084957555	8.2022874E-5	4.3582774E-4	0.011842415	0.39118654	-0.3744385	0.765625	1.2809086	3.5947092	4.604494	5.6517515	3.1076658	0.15390329	2.1806672	26.2227
2020-08-22 13:12:09	1	3667.236	-69	-70	3200	4096	-0.21153755	0.084697515	0.07434797	0.08644145	2.4956205E-5	4.1314465E-4	0.011684728	0.36466256	-0.40096244	0.765625	1.2505102	3.3735092	4.2186074	4.9048085	3.0259724	0.1613096	2.3454072	27.540424
2020-08-22 19:10:25	1	3667.14	-67	-67	3200	4096	-0.21428528	0.08479518	0.07292193	0.08560221	-1.6279986E-5	3.9481957E-4	0.011517889	0.36741027	-0.39821473	0.765625	1.2537227	3.423457	4.2920656	5.038406	2.9761367	0.14824405	2.1478596	28.331059
2020-08-23 01:08:27	1	3667.464	-69	-70	3200	4096	-0.22142564	0.084557965	0.0677228	0.08346908	-4.5063036E-5	4.155228E-4	0.0115208505	0.37455064	-0.3910744	0.765625	1.285928	3.4895408	4.4872985	5.530643	3.1305869	0.13704711	1.7933136	27.27688
2020-08-23 07:06:35	1	3666.456	-71	-71	3200	4096	-0.23363152	0.08427547	0.0665453	0.08629308	6.2475905E-5	4.9074553E-4	0.012674076	0.38675654	-0.3788685	0.765625	1.3046144	3.4354174	4.481895	5.8119283	3.0550883	0.14933066	2.1281157	26.354473
2020-08-23 13:04:43	1	3666.888	-73	-73	3200	4096	-0.22215462	0.085155085	0.06855463	0.08495633	3.054654E-5	4.3371203E-4	0.011928782	0.37527964	-0.3903454	0.765625	1.2855895	3.43603	4.4173236	5.474169	3.0479603	0.13178568	1.6580396	27.80397
2020-08-23 19:03:10	1	3666.972	-89	-90	3200	4096	-0.22207986	0.0852898	0.069153376	0.08507479	-2.0608757E-5	4.222721E-4	0.011795987	0.37520486	-0.39042017	0.765625	1.2766336	3.454628	4.410294	5.4256907	3.034756	0.13650165	1.7676789	28.462831
2020-08-24 01:00:51	1	3667.272	-65	-66	3200	4096	-0.22189294	0.08445382	0.066641055	0.082055785	-3.7782303E-7	3.5977497E-4	0.010974515	0.37501794	-0.31404456	0.6890625	1.2766842	3.579805	4.5702806	5.627431	2.9871724	0.14070964	1.8619338	27.145107
2020-08-24 06:58:55	1	3667.08	-65	-66	3200	4096	-0.29228708	0.08473698	0.071634226	0.084565386	-6.0119983E-5	3.8883567E-4	0.011312572	0.36884958	-0.47333792	0.8421875	1.2577318	3.4679163	4.3617086	5.149069	3.038389	0.1373381	1.8045632	25.959158
2020-08-24 12:57:14	1	3666.6	-69	-69	3200	4096	-0.21796761	0.08402172	0.06936563	0.08316635	-4.2392105E-5	3.9115743E-4	0.011172688	0.4476551	-0.3945324	0.8421875	1.270958	4.2351103	5.382647	6.4535584	3.1335478	0.13552594	1.7721348	27.145107
2020-08-24 18:55:32	1	3666.78	-73	-73	3200	4096	-0.22168732	0.08358856	0.06699663	0.0825894	-1.1982051E-5	3.8668918E-4	0.0112245735	0.37481233	-0.31425017	0.6890625	1.2828048	3.5377645	4.538262	5.594496	3.0691798	0.12540385	1.5301143	28.989922
2020-08-25 00:54:01	1	3667.356	-67	-68	3200	4096	-0.22322007	0.0856163	0.0673028	0.083987124	-1.0863332E-4	4.1173177E-4	0.011638872	0.37634507	-0.38927993	0.765625	1.2845255	3.4884362	4.4809856	5.591819	3.039433	0.13774927	1.8392551	28.199286
2020-08-25 06:52:10	1	3666.612	-67	-68	3200	4096	-0.21645355	0.083368875	0.070223175	0.083493955	-5.2444593E-5	3.5616805E-4	0.011081954	0.36957857	-0.31948394	0.6890625	1.2608202	3.5107393	4.426411	5.262914	2.9001617	0.13088909	1.7170091	26.749792
2020-08-25 12:50:16	1	3667.104	-75	-75	3200	4096	-0.21839753	0.08306204	0.07012168	0.08404544	1.1565614E-5	3.6934335E-4	0.011255566	0.37152255	-0.39410248	0.765625	1.2623202	3.5018818	4.420496	5.298255	2.9153829	0.124364436	1.513871	27.935743
2020-08-25 18:48:52	1	3667.428	-89	-89	3200	4096	-0.22615471	0.08430472	0.06688904	0.08543813	-8.418149E-5	4.2304883E-4	0.012001667	0.37927973	-0.3863453	0.765625	1.2822392	3.4620938	4.4392323	5.670282	2.9370227	0.13869032	1.8487686	30.044102
2020-08-26 00:47:37	1	3666.672	-91	-91	3200	4096	-0.22654724	0.08605536	0.06481791	0.08441468	-1.5268683E-4	4.3934173E-4	0.012017167	0.37967226	-0.38595277	0.765625	1.2986228	3.4634411	4.497704	5.8575206	3.0422738	0.13460134	1.8198382	29.253468
2020-08-26 06:45:53	1	3666.3	-89	-90	3200	4096	-0.22002374	0.082672045	0.068304665	0.08320409	-2.211883E-5	3.939373E-4	0.011325419	0.44971123	-0.3924763	0.8421875	1.2790351	4.225777	5.4049172	6.5839024	3.071274	0.13178933	1.701849	27.935743
2020-08-26 12:44:20	1	3666.132	-97	-98	3200	4096	-0.22178078	0.08321803	0.06497333	0.080848664	5.0401944E-5	3.7916866E-4	0.010949857	0.3749058	-0.39071923	0.765625	1.2942894	3.5827618	4.6371303	5.7701483	3.1623912	0.14210498	1.7723053	28.462831
2020-08-26 18:43:11	1	3667.068	-71	-72	3200	4096	-0.22460328	0.08406873	0.06464421	0.0823122	-8.737015E-5	3.802023E-4	0.011337144	0.3011658	-0.38789675	0.68906254	1.2935632	2.8284843	3.6588233	4.658821	2.958063	0.14343701	1.9182969	28.989922
2020-08-27 00:41:32	1	3667.236	-69	-70	3200	4096	-0.21693955	0.083398856	0.07150673	0.08532037	5.2029543E-5	4.151257E-4	0.011678474	0.37006456	-0.39556047	0.765625	1.2666024	3.4243996	4.3373528	5.1752405	3.043739	0.13189435	1.8649237	28.067516
2020-08-27 06:39:41	1	3667.332	-69	-100	3200	4096	-0.22120133	0.08462152	0.0688757	0.08364442	-4.7089852E-5	3.7897244E-4	0.011190801	0.37432632	-0.4678612	0.8421875	1.2647177	3.5385048	4.4752097	5.43481	3.0261137	0.1302912	1.6587094	27.408653
2020-08-27 12:37:45	1	3667.224	-93	-94	3200	4096	-0.22000504	0.083484605	0.06855411	0.083568394	-4.2932763E-5	4.0094194E-4	0.011435253	0.37313005	-0.39249498	0.765625	1.2796195	3.4892921	4.464966	5.4428544	3.0661259	0.1323045	1.8075843	28.462831
2020-08-27 18:36:19	1	3667.152	-93	-93	3200	4096	-0.22241631	0.08519797	0.06771956	0.08369541	2.4372113E-5	3.783824E-4	0.011397421	0.37554133	-0.3900837	0.765625	1.2755622	3.5176644	4.487	5.5455375	2.9128473	0.1367223	1.8101733	29.912329
2020-08-28 00:34:49	1	3667.416	-73	-74	3200	4096	-0.21921998	0.083946556	0.06790429	0.08265712	-3.836924E-7	3.8401678E-4	0.011224803	0.37234497	-0.3167175	0.6890625	1.281767	3.51444	4.504693	5.4833794	3.0478442	0.1362861	1.9744974	28.594604
2020-08-28 06:33:02	1	3667.2	-73	-75	3200	4096	-0.21316376	0.08471225	0.07331284	0.08581483	-5.1296378E-5	4.063903E-4	0.011610883	0.36628875	-0.39933625	0.765625	1.2556548	3.3993115	4.268362	4.996243	3.0144827	0.14490002	2.1370327	27.27688
2020-08-28 12:31:00	1	3666.744	-69	-69	3200	4096	-0.21492082	0.08545082	0.07333899	0.08613727	8.530781E-6	3.9797075E-4	0.011631516	0.3680458	-0.3975792	0.765625	1.2520655	3.412587	4.2727823	5.0184193	2.9415658	0.13178313	1.7169133	27.80397
2020-08-28 18:30:01	1	3667.188	-69	-70	3200	4096	-0.22019196	0.08508467	0.06990316	0.08508942	-2.7315515E-5	4.1844056E-4	0.011790889	0.37331697	-0.39230806	0.765625	1.2761382	3.4379885	4.3873487	5.340488	3.0098207	0.1582576	2.3586452	30.439417
2020-08-29 00:28:25	1	3667.332	-67	-67	3200	4096	-0.2198742	0.08429338	0.06991709	0.08446393	2.688741E-5	3.8740173E-4	0.011436995	0.3729992	-0.3926258	0.765625	1.2661486	3.487803	4.4160767	5.334879	2.961677	0.13796428	1.7510488	29.121695
2020-08-29 06:26:43	1	3666.612	-93	-93	3200	4096	-0.21583672	0.08538575	0.071648195	0.08489159	5.6332947E-6	3.9905595E-4	0.011484562	0.36896172	-0.39666328	0.765625	1.2623872	3.4428976	4.3462696	5.1496305	3.025554	0.13506284	1.6711614	27.935743
2020-08-29 12:25:18	1	3666.684	-95	-95	3200	4096	-0.21574326	0.08580309	0.07309583	0.08661994	3.8483453E-5	4.2485804E-4	0.011938488	0.36886826	-0.3201942	0.6890625	1.2614115	3.3759549	4.258468	5.0463657	2.9808848	0.15229249	2.2092264	28.594604
2020-08-29 18:24:04	1	3666.816	-71	-71	3200	4096	-0.21720123	0.08473002	0.07211015	0.08611799	5.080753E-6	4.4322544E-4	0.011945539	0.44688874	-0.31873626	0.765625	1.2691383	4.0888066	5.189261	6.1973076	3.1060839	0.15924159	2.328547	30.17587
2020-08-30 00:22:54	1	3667.224	-93	-93	3200	4096	-0.21512643	0.083758324	0.07192304	0.08495111	-1.7260973E-5	3.9907472E-4	0.011458657	0.3682514	-0.3973736	0.765625	1.260079	3.4401515	4.334863	5.120076	3.0393922	0.11844321	1.3218949	29.253468
2020-08-30 06:21:16	1	3666.768	-71	-71	3200	4096	-0.2137806	0.08464217	0.07267718	0.08526702	5.0518483E-5	3.8757268E-4	0.011446275	0.3669056	-0.32215688	0.6890625	1.254732	3.4294326	4.3030186	5.0484295	2.9581816	0.1218244	1.4491311	28.067516
2020-08-30 12:19:26	1	3666.78	-71	-71	3200	4096	-0.21628533	0.08434737	0.07152931	0.08450072	-5.036339E-5	3.574268E-4	0.011207704	0.29284784	-0.31965217	0.6125	1.2528466	2.7662005	3.465625	4.0940957	2.8454683	0.13095509	1.6989423	28.067516
2020-08-30 18:18:15	1	3667.044	-91	-100	3200	4096	-0.22955666	0.0852096	0.05957599	0.08387101	1.039256E-4	4.0733407E-4	0.0118652955	0.30611917	-0.38294336	0.68906254	1.2987555	2.8102906	3.6498806	5.1382976	2.8933008	0.12941858	1.6941981	29.912329
2020-08-30 18:18:45	1	3610.188	-91	-92	3200	4096	-0.22136956	0.08411312	0.06701506	0.08282599	-2.825053E-5	4.1323277E-4	0.011418346	0.37449455	-0.39113045	0.765625	1.2911458	3.5018992	4.5214624	5.5882154	3.1595647	0.124978796	1.5899963	30.044102
2020-08-31 00:16:49	1	3667.32	-73	-73	3200	4096	-0.227837	0.08574337	0.061232086	0.082464166	-7.78512E-5	4.2517413E-4	0.011713053	0.380962	-0.38466302	0.765625	1.3124107	3.520032	4.6197276	6.221607	3.099036	0.14209354	1.852891	28.594604
2020-08-31 06:15:06	1	3667.092	-73	-73	3200	4096	-0.22821084	0.08572516	0.06144943	0.082623474	-6.4870976E-5	3.9391426E-4	0.011551151	0.30477333	-0.38428918	0.68906254	1.300796	2.8357265	3.6887016	4.959742	2.952237	0.13371688	1.607786	27.672197
2020-08-31 12:13:05	1	3666.3	-73	-74	3200	4096	-0.22647248	0.08297607	0.061933562	0.08080588	-6.2395164E-5	3.8432644E-4	0.011077885	0.37959749	-0.46259007	0.8421875	1.3025231	3.6065743	4.6976466	6.129108	3.131746	0.12423476	1.5245169	26.881563
2020-08-31 18:11:11	1	3666.624	-79	-79	3200	4096	-0.2238556	0.08357456	0.06550771	0.082754016	-3.6369674E-5	3.7672842E-4	0.011386227	0.3769806	-0.3120819	0.6890625	1.2894392	3.5328815	4.5554357	5.7547517	2.90582	0.1291809	1.6085114	27.408653
2020-09-01 00:09:23	1	3666.828	-71	-72	3200	4096	-0.22473413	0.0834901	0.06479252	0.082246475	-1.197085E-5	3.8375697E-4	0.011245436	0.45442164	-0.38776588	0.8421875	1.2893502	4.2851977	5.52512	7.013489	3.0346155	0.12502232	1.6254793	26.881563
2020-09-01 06:07:21	1	3666.816	-69	-70	3200	4096	-0.2943619	0.08453934	0.071301214	0.085323505	1.9056692E-5	4.134992E-4	0.0116767585	0.37092438	-0.39470065	0.76562506	1.2664629	3.4326081	4.347271	5.2022166	3.0327044	0.12774068	1.7047483	26.09093
2020-09-01 12:05:20	1	3666.54	-69	-70	3200	4096	-0.22004242	0.0838853	0.069896206	0.08453107	2.2200138E-5	3.97991E-4	0.011516117	0.37316743	-0.31589505	0.6890625	1.2695116	3.4773684	4.4145594	5.3388796	3.0009663	0.14801627	2.0820053	26.749792
2020-09-01 18:03:43	1	3666.984	-69	-69	3200	4096	-0.2255005	0.08578172	0.066102505	0.084073186	-2.202E-6	3.9798822E-4	0.011648858	0.37862548	-0.310437	0.6890625	1.2837609	3.5080695	4.5035224	5.7278543	2.9329424	0.14231896	1.9500474	28.858149
2020-09-02 00:01:57	1	3666.996	-91	-69	3200	4096	-0.22443505	0.08509593	0.06616082	0.083757386	-1.6303624E-5	4.0555015E-4	0.011657405	0.37756005	-0.31150243	0.6890625	1.289074	3.496915	4.507782	5.7067018	2.9842885	0.14628784	1.9232681	27.408653
2020-09-02 06:00:00	1	3666.576	-67	-68	3200	4096	-0.25353852	0.08397354	0.07899321	0.09016456	-4.9794384E-5	4.5634827E-4	0.012396963	0.40666354	-0.43552402	0.8421875	1.2348716	3.6523933	4.510237	5.1480823	2.9693797	0.16653396	2.5823355	26.354473
2020-09-02 11:58:15	1	3665.964	-71	-71	3200	4096	-0.22019196	0.08425269	0.06863614	0.08358942	-1.3571834E-4	3.950671E-4	0.011373006	0.37331697	-0.39230806	0.765625	1.275811	3.5005805	4.4660788	5.4390726	3.0543606	0.13519016	1.8016158	26.61802
2020-09-02 17:56:54	1	3666.36	-69	-69	3200	4096	-0.22794914	0.0848048	0.061663512	0.082249515	7.712868E-5	4.0417863E-4	0.011493065	0.38107416	-0.38455087	0.765625	1.3034207	3.5546067	4.6331477	6.1798973	3.0598605	0.13767418	1.8736733	28.462831
2020-09-02 23:55:18	1	3666.516	-67	-67	3200	4096	-0.2245285	0.08469103	0.06590075	0.08318306	1.55262E-5	3.8203064E-4	0.0114336945	0.30109102	-0.31140897	0.6125	1.2854595	2.8158176	3.6196196	4.5688553	2.9223018	0.13614014	1.8141152	27.145107
2020-09-03 05:53:27	1	3666.432	-67	-68	3200	4096	-0.2941002	0.083416946	0.07140017	0.084811956	-1.8265979E-5	3.8537532E-4	0.011369935	0.3706627	-0.39496234	0.76562506	1.2572508	3.476161	4.370406	5.1913414	2.9810405	0.13160577	1.748067	26.09093
2020-09-03 11:51:35	1	3666.192	-67	-67	3200	4096	-0.29406282	0.08528105	0.07202892	0.08595315	4.5336797E-6	3.9341854E-4	0.01172394	0.37062532	-0.3184372	0.68906254	1.2597227	3.4229321	4.3119454	5.145507	2.8622503	0.1442217	1.9192163	26.09093
2020-09-03 17:49:29	1	3666.108	-69	-69	3200	4096	-0.22692108	0.08472484	0.062972516	0.08224915	8.431945E-6	3.7650135E-4	0.011312407	0.3800461	-0.38557893	0.765625	1.2931417	3.5732117	4.620669	6.0351105	2.9420934	0.1505053	2.1953626	28.331059
2020-09-03 23:47:37	1	3666.54	-69	-100	3200	4096	-0.23456612	0.083936684	0.06465643	0.0826791	9.555887E-5	4.0215463E-4	0.01152953	0.38769114	-0.3779339	0.765625	1.2987037	3.6106055	4.689107	5.996173	3.0253096	0.1344538	1.7460226	26.61802
2020-09-04 05:45:41	1	3666.06	-69	-69	3200	4096	-0.30481073	0.08519983	0.06230946	0.08324332	1.7887609E-5	4.1313135E-4	0.011665748	0.38137323	-0.3842518	0.76562506	1.2974987	3.530969	4.5814276	6.120631	3.0357287	0.120813176	1.597668	25.563839
2020-09-04 11:43:47	1	3665.616	-97	-97	3200	4096	-0.3086052	0.08413043	0.06115102	0.08097595	-1.3286345E-4	3.8844367E-4	0.01115423	0.3086052	-0.4570198	0.765625	1.3042587	2.9220219	3.8110723	5.0466075	3.122115	0.13376623	1.7824705	25.827385
2020-09-04 17:41:55	1	3666.396	-71	-71	3200	4096	-0.24434204	0.08474949	0.07391224	0.086949274	-1.3722938E-4	4.1923948E-4	0.011875241	0.32090455	-0.36815795	0.68906254	1.2533007	2.9447923	3.69071	4.341697	2.9728796	0.14645332	2.055162	28.726377
2020-09-04 23:40:06	1	3666.276	-63	-63	3200	4096	-0.24026719	0.084615886	0.0695712	0.08367474	-1.0872786E-4	3.751373E-4	0.011188095	0.3933922	-0.44879535	0.8421875	1.2641066	3.719184	4.701445	5.6545267	2.996939	0.13886034	1.819434	27.27688
2020-09-05 05:38:20	1	3666.096	-63	-63	3200	4096	-0.31058654	0.08507227	0.06404353	0.08275912	-4.3768618E-5	3.9655817E-4	0.011570303	0.38714907	-0.378476	0.76562506	1.2997401	3.5991988	4.678023	6.045092	2.962221	0.12898518	1.6246889	25.959158
2020-09-05 11:36:14	1	3666.3	-65	-65	3200	4096	-0.31125948	0.0849525	0.06708487	0.0846177	6.1919914E-6	4.276322E-4	0.011850236	0.38782197	-0.45436552	0.8421875	1.2864777	3.5626152	4.5832253	5.7810645	3.0452044	0.15034203	1.9203794	26.2227
2020-09-05 17:34:32	1	3666.108	-63	-64	3200	4096	-0.2402485	0.08417001	0.068892725	0.08308744	2.0384587E-5	3.7569064E-4	0.011129815	0.3933735	-0.3722515	0.765625	1.2697219	3.7287316	4.7344522	5.7099423	3.0328746	0.12350267	1.5557472	28.858149
2020-09-05 23:32:48	1	3666.396	-91	-64	3200	4096	-0.23781854	0.0850728	0.06941191	0.08544131	4.213159E-5	4.4289758E-4	0.012013866	0.39094353	-0.37468147	0.765625	1.2828429	3.5667498	4.5755796	5.6322255	3.0685825	0.12859172	1.6061414	27.935743
2020-09-06 05:31:15	1	3666.336	-63	-65	3200	4096	-0.2416317	0.08351347	0.071084164	0.08480322	-3.5520246E-5	3.8339078E-4	0.011427841	0.3947567	-0.3708683	0.765625	1.260578	3.692729	4.654973	5.5533705	2.9357111	0.13295797	1.7314631	26.881563
2020-09-06 11:29:19	1	3666.408	-97	-97	3200	4096	-0.23793069	0.08450191	0.0681505	0.08367968	-9.139406E-6	3.99177E-4	0.011451035	0.4676182	-0.37456933	0.8421875	1.278799	4.3698754	5.5881925	6.8615522	3.0442202	0.12964657	1.5623902	27.013336
2020-09-06 17:27:48	1	3666.276	-65	-65	3200	4096	-0.24366914	0.085855514	0.07387668	0.08715693	-1.07065665E-4	4.2994905E-4	0.011968928	0.39679414	-0.4453934	0.8421875	1.255237	3.626917	4.55264	5.3710337	3.0012796	0.15409139	2.2419348	29.780556
2020-09-06 23:26:22	1	3666.504	-67	-67	3200	4096	-0.24153824	0.085237995	0.070629254	0.08457683	-1.7486846E-5	4.0686558E-4	0.011511638	0.47122577	-0.37096176	0.8421875	1.2685779	4.391981	5.5715704	6.6718216	3.070271	0.1326968	1.6845834	28.726377
2020-09-07 05:24:41	1	3666.444	-67	-67	3200	4096	-0.2418934	0.084395096	0.0719115	0.08544938	2.4374702E-5	3.9642467E-4	0.011564632	0.3950184	-0.37060663	0.765625	1.2585108	3.6732578	4.6228347	5.493119	2.9641287	0.14513883	1.9706851	27.145107
2020-09-07 11:23:05	1	3665.916	-69	-69	3200	4096	-0.24052888	0.08476904	0.068928495	0.08299865	-1.1080474E-5	3.4700823E-4	0.01101362	0.31709138	-0.2954086	0.6125	1.2644277	3.0214777	3.8204403	4.6002946	2.8607483	0.13468206	1.7484169	26.749792
2020-09-07 17:21:29	1	3666.588	-91	-65	3200	4096	-0.23944473	0.08334959	0.06780137	0.082249105	-2.8384871E-5	3.5360007E-4	0.010924324	0.39256975	-0.37305528	0.765625	1.2707676	3.7559476	4.7729363	5.7899976	2.962942	0.15414217	2.2527518	29.385239
2020-09-07 23:19:58	1	3666.444	-93	-93	3200	4096	-0.23916435	0.08271866	0.06915192	0.083724596	-4.0994048E-5	3.6871806E-4	0.011234543	0.31572685	-0.37333566	0.68906254	1.2659736	2.9787483	3.7710166	4.5656986	2.9213498	0.13687968	1.7013081	27.935743
2020-09-08 05:18:17	1	3666.384	-95	-96	3200	4096	-0.23694001	0.0828018	0.06615789	0.08227262	-2.7432563E-6	3.8280652E-4	0.011207355	0.390065	-0.37556002	0.765625	1.2867562	3.6845582	4.741128	5.895971	3.047706	0.13796858	1.8999839	26.749792
2020-09-08 11:16:26	1	3665.928	-71	-71	3200	4096	-0.23826714	0.084845185	0.07001363	0.085573204	-1.1943686E-5	4.3211467E-4	0.011911916	0.39139214	-0.45079538	0.8421875	1.2754195	3.586091	4.57377	5.590228	3.04534	0.14089803	1.9419318	26.881563
2020-09-08 17:14:55	1	3666.18	-67	-68	3200	4096	-0.2418747	0.08497642	0.07108991	0.084690645	-4.7273257E-5	3.6811575E-4	0.011346128	0.3184372	-0.37062532	0.68906254	1.2577329	2.9895096	3.7600045	4.479359	2.859493	0.15618144	2.3269944	29.121695
2020-09-08 23:13:22	1	3666.156	-65	-65	3200	4096	-0.24137002	0.08444031	0.07258987	0.08650761	3.9007216E-5	4.0899642E-4	0.011837596	0.394495	-0.37113	0.765625	1.257701	3.6258495	4.560235	5.434574	2.9187205	0.1277747	1.5562696	28.067516
2020-09-09 05:11:28	1	3666.132	-63	-63	3200	4096	-0.23923913	0.08369763	0.069894314	0.084689654	2.8023514E-5	3.9327043E-4	0.011550827	0.31580162	-0.3732609	0.68906254	1.2690425	2.938379	3.7289279	4.5182734	2.947577	0.13762674	1.8694129	26.749792
2020-09-09 11:09:36	1	3666.072	-93	-93	3200	4096	-0.23589325	0.08263962	0.065717064	0.082606085	2.339874E-5	3.696668E-4	0.011284412	0.38901827	-0.30004424	0.6890625	1.28596	3.6621027	4.709317	5.9195924	2.9030373	0.13427377	1.6693068	26.61802
2020-09-09 17:07:55	1	3665.952	-95	-96	3200	4096	-0.24740754	0.08625673	0.074087314	0.08650622	4.6483678E-5	4.2378964E-4	0.011813206	0.40053254	-0.3650925	0.765625	1.256425	3.6851394	4.630101	5.406223	3.0367901	0.13496298	1.6695375	29.385239
2020-09-09 23:06:19	1	3665.964	-69	-70	3200	4096	-0.24155694	0.08512765	0.07122919	0.084914505	2.4351391E-5	4.028739E-4	0.011489728	0.39468193	-0.37094307	0.765625	1.2623302	3.6820729	4.6479917	5.541014	3.0517552	0.14417736	1.9937614	28.199286
2020-09-10 05:04:38	1	3666.12	-95	-96	3200	4096	-0.23694001	0.08425674	0.067099966	0.08304235	-5.191134E-5	3.9976925E-4	0.011364778	0.390065	-0.37556002	0.765625	1.2837511	3.6589506	4.6971817	5.8131924	3.0951915	0.14379707	2.1743236	26.61802
2020-09-10 11:02:42	1	3665.76	-77	-77	3200	4096	-0.23684655	0.08448933	0.066678904	0.08255612	6.4644395E-5	3.6194173E-4	0.011129991	0.38997155	-0.37565348	0.765625	1.2779038	3.6964557	4.723715	5.8485	2.92179	0.133138	1.8066328	26.486246
