2020-07-18 23:29:24	1	3642.792	-77	-78	6400	4096	0.13878822	0.08133942	0.10075819	0.11892515	1.0387332E-4	0.0014857334	0.022275725	0.5502743	-0.44503823	0.9953126	1.2549957	3.6869166	4.627064	5.461336	2.994175	0.14627434	1.982433	28.726377
2020-07-19 00:30:04	1	3643.416	-83	-83	6400	4096	0.14480706	0.08412666	0.10094164	0.12123657	6.8305075E-5	0.0016164545	0.023267882	0.5442555	-0.45105708	0.9953126	1.2581859	3.567996	4.4892025	5.391783	2.9857244	0.13834304	1.951899	28.462831
2020-07-19 01:30:45	1	3643.692	-95	-95	6400	4096	-0.7687466	0.087883435	0.096322335	0.12093782	-1.7003855E-4	0.0018027473	0.02394843	0.5390591	-0.60937846	1.1484375	1.2796063	3.483356	4.457324	5.596408	3.1432636	0.14929654	2.0354936	28.199286
2020-07-22 11:24:59	1	3646.152	-73	-73	3200	4096	-0.6125935	0.08297453	0.05467707	0.07877576	6.029842E-5	3.481022E-4	0.010677486	0.38290596	-0.38271904	0.765625	1.3117223	3.7055922	4.8607078	7.0030446	3.0532951	0.12812614	1.5398034	29.385239
2020-07-22 17:29:16	1	3647.052	-71	-72	3200	4096	-0.60818213	0.08230642	0.063506186	0.08078884	4.9780967E-5	3.37747E-4	0.010741855	0.37849465	-0.38713035	0.765625	1.2828866	3.6519103	4.6849866	5.9599648	2.927069	0.13776979	1.8553761	32.67955
2020-07-22 23:33:38	1	3647.328	-71	-72	3200	4096	-0.6050606	0.08146259	0.06598508	0.081767246	-6.5739325E-5	3.6085863E-4	0.010978495	0.37537307	-0.39025193	0.765625	1.2814215	3.5825455	4.5907507	5.6887565	2.9939976	0.13361222	1.8911415	30.044102
2020-07-23 05:37:35	1	3646.956	-71	-71	3200	4096	-0.6006493	0.08226766	0.069062956	0.08257325	-4.525317E-6	3.4772808E-4	0.010873364	0.37096176	-0.39466324	0.765625	1.2628233	3.5575185	4.4925175	5.3713565	2.941114	0.13329545	1.7494788	28.199286
2020-07-23 11:41:19	1	3647.004	-87	-88	3200	4096	-0.60121006	0.082272395	0.070441484	0.08403322	4.5469227E-5	3.6423936E-4	0.011166838	0.37152252	-0.39410248	0.765625	1.2575177	3.5157666	4.421139	5.274201	2.9209654	0.13065247	1.6664786	28.989922
2020-07-23 17:45:06	1	3646.932	-91	-92	3200	4096	-0.6028549	0.080542654	0.06621061	0.08083239	3.332792E-5	3.2804167E-4	0.0106316935	0.37316743	-0.3158951	0.68906254	1.2756038	3.619116	4.616558	5.636067	2.9021788	0.12954007	1.8038603	32.547775
2020-07-23 23:49:30	1	3647.568	-69	-69	3200	4096	-0.60311663	0.0818647	0.06967627	0.083655	3.186593E-5	3.2760992E-4	0.010951516	0.29686663	-0.31563342	0.6125001	1.2509652	2.8367705	3.5487015	4.260656	2.731546	0.12873918	1.716903	31.09828
2020-07-24 05:53:39	1	3647.28	-69	-70	3200	4096	-0.59934086	0.08112765	0.06834797	0.08149253	5.3178646E-5	3.4302843E-4	0.010657459	0.3696533	-0.31940922	0.68906254	1.2668029	3.5806987	4.5360394	5.408402	3.0201101	0.13200422	1.7313222	29.121695
2020-07-24 11:57:33	1	3647.28	-91	-94	3200	4096	-0.6005745	0.08256969	0.06947098	0.08300978	2.2964721E-5	3.6708094E-4	0.0110404575	0.37088698	-0.31817555	0.68906254	1.2657977	3.5297835	4.467992	5.3387327	3.0115333	0.13473102	1.7906649	29.912329
2020-07-24 18:01:57	1	3647.184	-77	-100	3200	4096	-0.59085464	0.082512975	0.073523	0.08437608	5.813333E-5	3.6582604E-4	0.010986065	0.36116713	-0.40445787	0.765625	1.2422291	3.445777	4.2804446	4.9123015	3.0310307	0.13219199	1.6408228	33.997272
2020-07-25 00:06:33	1	3647.964	-91	-92	3200	4096	-0.6018082	0.08253528	0.06795695	0.08194073	2.7155586E-6	3.4277476E-4	0.010787863	0.37212068	-0.39350432	0.765625	1.2675581	3.5827465	4.541339	5.47583	2.9453573	0.12368204	1.4033405	31.625368
2020-07-25 06:10:39	1	3647.604	-91	-92	3200	4096	-0.6134533	0.081018105	0.058579087	0.079789154	7.032458E-5	3.1983503E-4	0.01068231	0.3072033	-0.30529675	0.6125001	1.2953547	2.9723043	3.8501887	5.244249	2.8028228	0.1298707	1.6872573	29.648783
2020-07-25 12:14:42	1	3647.664	-93	-93	3200	4096	-0.61152804	0.08017503	0.056524184	0.07740566	2.1973001E-5	3.1554748E-4	0.010199991	0.30527803	-0.38378447	0.6890625	1.3047496	3.0227041	3.9438722	5.4008393	3.0329492	0.13655996	1.8868917	30.702963
2020-07-25 18:19:04	1	3647.868	-93	-93	3200	4096	-0.63913614	0.08162347	0.07466513	0.08447125	9.5270596E-5	3.586599E-4	0.0108324	0.40944862	-0.43273884	0.84218746	1.2321212	3.9340246	4.847195	5.4838	3.0565634	0.13490632	1.884576	31.757141
2020-07-26 00:23:11	1	3648.048	-95	-95	3200	4096	-0.65986556	0.08238807	0.07619285	0.08595726	-4.7822952E-5	3.622394E-4	0.011117324	0.35361558	-0.4120094	0.765625	1.2266413	3.3537545	4.113854	4.64106	2.9308608	0.13635951	1.8212178	29.912329
2020-07-26 06:27:12	1	3647.988	-91	-92	3200	4096	-0.65784687	0.08111991	0.07604717	0.085512646	2.7948978E-5	3.4582106E-4	0.0109552955	0.35159683	-0.33746567	0.6890625	1.2240008	3.359177	4.1116357	4.623405	2.881398	0.14221057	2.0703595	29.253468
2020-07-26 12:31:07	1	3647.688	-75	-75	3200	4096	-0.65859455	0.082953855	0.076468	0.085936315	5.408751E-5	3.4709735E-4	0.011021451	0.3523445	-0.336718	0.6890625	1.2216383	3.3562024	4.100065	4.607738	2.857418	0.1340164	1.7873433	28.726377
2020-07-26 18:34:46	1	3647.22	-93	-94	3200	4096	-0.7968594	0.083307594	0.07634429	0.08562441	-2.1405443E-5	3.4414788E-4	0.010906901	0.41404688	-0.35157812	0.765625	1.2197002	3.964595	4.835617	5.4234166	2.8929594	0.13614595	1.9797122	26.881563
2020-07-27 00:38:22	1	3647.112	-93	-93	3200	4096	-0.8240002	0.08101688	0.0718289	0.08327023	-9.214882E-8	3.571694E-4	0.010821843	0.36462516	-0.32443732	0.6890625	1.249283	3.5050647	4.3788176	5.0763016	3.0498033	0.1376032	1.7836751	26.486246
2020-07-27 06:41:49	1	3646.824	-95	-95	3200	4096	-0.8228039	0.08257705	0.07273943	0.08432879	-8.946922E-8	3.7379088E-4	0.011123225	0.3634289	-0.47875863	0.8421875	1.2506605	3.4459112	4.309665	4.9963117	3.021115	0.11952314	1.501541	26.09093
2020-07-27 12:45:20	1	3647.076	-93	-93	3200	4096	-1.145858	0.0822557	0.05963771	0.079367645	-4.1416537E-5	3.458371E-4	0.0107867615	0.38023302	-0.38539198	0.765625	1.3085853	3.6610384	4.790781	6.3757143	2.9722776	0.13625929	1.6874536	26.881563
2020-07-27 18:48:56	1	3646.896	-95	-95	3200	4096	-1.167709	0.08112563	0.070199475	0.08111546	-1.094047E-5	3.183889E-4	0.010248863	0.402084	-0.363541	0.765625	1.2480564	3.9717228	4.956934	5.727735	3.031144	0.13412775	1.7776647	26.881563
2020-07-28 00:52:27	1	3647.004	-95	-95	3200	4096	-1.1687558	0.081355795	0.07292197	0.08361772	8.331854E-5	3.251861E-4	0.010668239	0.32656822	-0.36249426	0.6890625	1.2352307	3.16175	3.9054906	4.478324	2.8572385	0.124785796	1.6019071	26.2227
2020-07-28 06:55:59	1	3646.764	-93	-94	3200	4096	-1.167167	0.082977206	0.07344718	0.084904544	-5.172384E-6	3.7492716E-4	0.011175353	0.40154192	-0.36408308	0.765625	1.245087	3.798396	4.7293334	5.467084	3.0020947	0.13563213	1.76775	26.09093
2020-07-28 12:59:30	1	3646.86	-93	-94	3200	4096	-1.1703633	0.08439321	0.07379539	0.08466837	-3.355659E-5	3.5967588E-4	0.01103825	0.32817572	-0.36088675	0.6890625	1.2408776	3.1236067	3.8760135	4.4471035	2.9519625	0.13558152	1.7493333	27.672197
2020-07-28 19:03:27	1	3647.556	-93	-94	3200	4096	-1.1753914	0.083508804	0.07558566	0.08576803	2.8631932E-5	3.8064332E-4	0.011220377	0.33320388	-0.43242112	0.765625	1.2350323	3.1456203	3.8849428	4.4082947	3.0234537	0.12732863	1.6087534	28.989922
2020-07-29 01:07:07	1	3647.292	-91	-94	3200	4096	-1.1706623	0.082445264	0.07340578	0.08426867	8.612211E-6	3.7409633E-4	0.011019321	0.4050373	-0.3605877	0.765625	1.2456938	3.8584921	4.8064995	5.517785	3.0808725	0.1447209	1.9595766	26.881563
2020-07-29 07:10:41	1	3646.764	-93	-94	3200	4096	-1.1678212	0.081619054	0.07240641	0.08358821	3.7989383E-7	3.5660464E-4	0.010845592	0.40219614	-0.36342886	0.765625	1.2458954	3.861991	4.811637	5.554703	3.0316594	0.12891197	1.6491377	26.2227
2020-07-29 13:14:10	1	3647.208	-93	-94	3200	4096	-1.1743634	0.08181309	0.07564461	0.08559016	3.5207504E-5	3.4485836E-4	0.010998537	0.33217582	-0.35688666	0.6890625	1.2253033	3.1673827	3.8810046	4.3912687	2.8508272	0.13533589	1.8173344	28.331059
2020-07-29 19:18:12	1	3647.52	-95	-95	3200	4096	-1.1707371	0.082672924	0.07398863	0.084751956	5.7153044E-5	3.6198957E-4	0.011044615	0.4051121	-0.3605129	0.765625	1.240011	3.8547828	4.779973	5.475329	2.9675286	0.12777081	1.6501704	30.307644
2020-07-30 01:22:14	1	3647.592	-95	-95	3200	4096	-1.1724942	0.082048535	0.0761859	0.08691137	1.6158323E-5	3.8131408E-4	0.011504123	0.33030662	-0.35875586	0.6890625	1.2340995	3.0795732	3.8004994	4.335535	2.8812158	0.13463971	2.0022452	28.858149
2020-07-30 07:25:30	1	3647.268	-93	-94	3200	4096	-1.1637089	0.08190057	0.07072354	0.083235495	-3.1033152E-5	3.6114652E-4	0.01097093	0.3980839	-0.3675411	0.765625	1.2583839	3.8006065	4.782622	5.628732	3.0005205	0.12644473	1.5557691	27.80397
2020-07-30 13:29:27	1	3647.328	-97	-98	3200	4096	-1.1675781	0.082164824	0.07358882	0.08471224	2.8104048E-5	3.6918043E-4	0.011045291	0.3253906	-0.4402344	0.765625	1.2406304	3.0961103	3.8411288	4.42174	3.0261073	0.1375976	1.8849393	31.09828
2020-07-30 19:33:44	1	3648.324	-95	-100	3200	4096	-1.1735222	0.08253154	0.07560373	0.08597915	1.8973692E-6	3.9249795E-4	0.011309061	0.4078972	-0.43429032	0.8421875	1.2368587	3.8356366	4.7441406	5.3951993	3.0689108	0.14165263	1.963906	31.757141
2020-07-31 01:38:01	1	3648.144	-93	-94	3200	4096	-1.1720642	0.0827108	0.07617392	0.086559825	4.6179604E-5	3.6151646E-4	0.011277041	0.3298767	-0.35918579	0.6890625	1.2268211	3.1063762	3.8109677	4.330573	2.8427436	0.13401687	1.86526	30.439417
2020-07-31 07:42:00	1	3647.964	-69	-70	3200	4096	-1.1641388	0.0826619	0.07211378	0.084357895	1.8777817E-5	3.605817E-4	0.011105018	0.3985138	-0.3671112	0.765625	1.2492056	3.781671	4.7240844	5.5261807	2.9239178	0.13942182	1.9784874	28.989922
2020-07-31 13:45:56	1	3648.012	-67	-68	3200	4096	-1.1690922	0.083636	0.07451267	0.08567674	4.257756E-5	3.568351E-4	0.011241208	0.32690465	-0.36215782	0.6890625	1.2374953	3.0832918	3.8155591	4.387236	2.8238502	0.12615122	1.5715703	30.702963
2020-07-31 19:50:03	1	3648.492	-67	-67	3200	4096	-1.1683071	0.08094541	0.07345838	0.084139705	-4.3487523E-7	3.2628982E-4	0.010726339	0.3261196	-0.36294287	0.6890625	1.2309057	3.148844	3.8759298	4.439515	2.8359625	0.13406858	1.8972961	29.648783
2020-08-01 01:53:51	1	3647.304	-65	-66	3200	4096	-1.1646808	0.08250232	0.071351275	0.08354873	5.4814627E-5	3.602498E-4	0.010977507	0.32249334	-0.36656913	0.6890625	1.2540417	3.0780022	3.859943	4.5197983	2.989485	0.13492462	1.7463185	27.80397
2020-08-01 07:57:37	1	3647.472	-65	-66	3200	4096	-1.1633724	0.08275504	0.07176037	0.084203206	-6.800437E-5	3.8407606E-4	0.011175723	0.3211849	-0.4444401	0.765625	1.2554781	3.0382068	3.8144023	4.4757977	3.0751479	0.12739491	1.5659525	27.540424
2020-08-01 14:01:24	1	3647.64	-67	-68	3200	4096	-1.1683258	0.0813052	0.07286643	0.08394105	-7.0862545E-5	3.572232E-4	0.010881586	0.4027008	-0.4394867	0.8421875	1.2427155	3.8604364	4.7974243	5.5265617	3.0168607	0.13857847	1.8397483	29.385239
2020-08-01 20:05:31	1	3647.892	-67	-68	3200	4096	-1.1355026	0.08322515	0.0690072	0.082065925	-1.8613662E-5	3.6412256E-4	0.010797838	0.36987764	-0.39574736	0.765625	1.2662094	3.5595057	4.5070796	5.359986	3.1230147	0.13341755	1.705143	29.121695
2020-08-02 02:08:51	1	3647.484	-65	-66	3200	4096	-1.1252781	0.08132726	0.07275455	0.083272934	3.4432476E-5	3.389741E-4	0.010684958	0.28309056	-0.3294094	0.61249995	1.2413166	2.7386656	3.399551	3.8910363	2.969073	0.13462666	1.8186139	27.935743
2020-08-02 08:12:29	1	3647.304	-69	-69	3200	4096	-1.1227173	0.08290105	0.075093426	0.08509045	-2.0492373E-5	3.6226882E-4	0.010987688	0.3570923	-0.4085327	0.765625	1.2318912	3.4066484	4.19662	4.755307	3.000671	0.14261325	1.9603646	27.145107
2020-08-02 14:15:48	1	3647.796	-67	-68	3200	4096	-1.118007	0.084177926	0.076161474	0.08595656	-3.810989E-5	3.7936657E-4	0.011215496	0.3523819	-0.33668056	0.6890625	1.2320553	3.327395	4.0995345	4.626774	3.0159357	0.13584906	1.8163197	31.361826
2020-08-02 20:20:16	1	3648.336	-67	-68	3200	4096	-1.1121002	0.082428604	0.07612064	0.08553468	-1.8124847E-5	3.7820695E-4	0.011075857	0.4996002	-0.4191498	0.91875	1.2304003	4.747161	5.8409085	6.5632687	3.0830095	0.12875807	1.6565611	31.888914
2020-08-03 02:24:23	1	3648.204	-91	-67	3200	4096	-1.1108105	0.0819896	0.07625478	0.085457675	8.943642E-6	3.414484E-4	0.010907475	0.3451855	-0.343877	0.6890625	1.222112	3.305144	4.0392566	4.526739	2.8699653	0.1431199	2.0995717	28.462831
2020-08-03 08:28:04	1	3647.388	-69	-69	3200	4096	-1.1063057	0.08371047	0.07655059	0.086145215	8.4346124E-5	4.001794E-4	0.011279475	0.41724315	-0.3483818	0.76562494	1.2328587	3.928663	4.8434863	5.450555	3.145408	0.14699945	2.054382	27.540424
2020-08-03 14:32:02	1	3647.532	-71	-71	3200	4096	-1.0997822	0.082587734	0.07430676	0.08422023	5.015536E-5	3.5940146E-4	0.010860387	0.3341572	-0.35490528	0.6890625	1.237389	3.2064772	3.9676595	4.4969954	3.0471175	0.12730835	1.5780667	32.15246
2020-08-03 20:35:59	1	3648.396	-71	-72	3200	4096	-1.1201378	0.08314752	0.07657036	0.086563125	3.0549087E-5	3.8817973E-4	0.011354955	0.43107525	-0.3345497	0.76562494	1.231005	4.0453897	4.979895	5.6297927	3.010662	0.13426568	1.8354496	31.757141
2020-08-04 02:40:10	1	3648.636	-69	-69	3200	4096	-1.1201938	0.08215712	0.07563623	0.0856232	-5.5677592E-5	3.7345797E-4	0.011159202	0.35456887	-0.41105613	0.765625	1.2337441	3.3564796	4.1410375	4.687818	2.998993	0.1360996	1.8590423	30.044102
2020-08-04 08:44:07	1	3647.844	-71	-100	3200	4096	-1.1207173	0.08318512	0.07501159	0.08486687	-6.357031E-5	3.483526E-4	0.010905133	0.35509226	-0.33397022	0.6890625	1.2304878	3.4003663	4.184109	4.733832	2.9292545	0.12077818	1.472474	28.462831
2020-08-04 14:48:09	1	3647.484	-91	-71	3200	4096	-1.1198574	0.08242337	0.075368665	0.0851638	-9.799679E-6	3.67336E-4	0.010996972	0.3542324	-0.4113926	0.765625	1.2313501	3.3779385	4.1594243	4.699996	3.0375063	0.12722722	1.666914	32.67955
2020-08-04 20:52:11	1	3648.444	-65	-66	3200	4096	-1.1206611	0.08256261	0.07542695	0.08525753	3.2011594E-5	3.604256E-4	0.011000767	0.35503617	-0.3340263	0.6890625	1.2302085	3.385019	4.1642795	4.70702	2.9783082	0.12548819	1.514892	31.757141
2020-08-05 02:56:28	1	3648.216	-67	-68	3200	4096	-1.1215023	0.08315161	0.07535396	0.08533159	-5.925551E-5	3.5755345E-4	0.0110367695	0.3558773	-0.4097477	0.765625	1.2311506	3.3875	4.1705227	4.722742	2.9353306	0.11163361	1.2255791	30.702963
2020-08-05 09:00:35	1	3648.504	-69	-70	3200	4096	-1.1191845	0.082249515	0.07502955	0.08454685	1.704921E-5	3.4392875E-4	0.010763425	0.3535595	-0.33550298	0.6890625	1.2270939	3.4079032	4.1818175	4.7122703	2.968708	0.12632303	1.6118118	29.780556
2020-08-05 15:04:43	1	3648.288	-71	-72	3200	4096	-1.1201751	0.08403043	0.07545871	0.08530293	2.606579E-5	3.6573195E-4	0.011033639	0.43111265	-0.3345123	0.76562494	1.2313895	4.104227	5.053902	5.713226	3.0041757	0.12771595	1.6464815	30.044102
2020-08-05 21:08:45	1	3648.144	-71	-72	3200	4096	-1.1537087	0.08196744	0.06434727	0.08147052	2.5227866E-5	3.572179E-4	0.01102323	0.31152114	-0.37754133	0.6890625	1.2887063	2.967106	3.823728	4.841249	2.9397843	0.1252578	1.5543061	28.594604
2020-08-06 03:12:36	1	3647.304	-71	-71	3200	4096	-1.1583068	0.08198911	0.06756646	0.08208849	3.3469365E-5	3.5808043E-4	0.010956473	0.31611937	-0.3729431	0.6890625	1.275126	3.020061	3.8509586	4.678643	2.9829025	0.13437013	1.8923703	27.935743
2020-08-06 09:16:18	1	3646.956	-71	-72	3200	4096	-1.1593723	0.083003566	0.06887725	0.082786374	-3.322666E-5	3.3506713E-4	0.010901392	0.39374733	-0.37187767	0.765625	1.2611946	3.7711747	4.756185	5.7166533	2.819473	0.14595312	2.1141431	27.672197
2020-08-06 15:20:19	1	3647.94	-69	-70	3200	4096	-1.160363	0.08219215	0.0691104	0.08234852	-3.1702046E-5	3.3285966E-4	0.010722754	0.3181755	-0.4474495	0.765625	1.2574693	3.0726533	3.8637671	4.603873	2.8949995	0.13645351	1.8292073	30.966507
2020-08-06 21:24:31	1	3648.3	-71	-71	3200	4096	-1.1618583	0.08166892	0.07089181	0.083890304	-1.05427725E-5	3.7661145E-4	0.011151393	0.39623338	-0.36939162	0.765625	1.2587886	3.7522044	4.7232323	5.589268	3.0285535	0.13754717	1.9078634	30.439417
2020-08-07 03:28:39	1	3648.252	-71	-72	3200	4096	-1.160606	0.08352247	0.07082685	0.08463257	7.643858E-6	3.9052733E-4	0.01144247	0.4715435	-0.37064397	0.84218746	1.2639282	4.4082055	5.5716553	6.657694	2.9827154	0.13220541	1.9085068	28.858149
2020-08-07 09:32:31	1	3647.652	-75	-75	3200	4096	-1.1611106	0.08217584	0.067616895	0.08080022	-2.922324E-5	3.4721423E-4	0.010538354	0.3954857	-0.44670182	0.8421875	1.2704976	3.8525155	4.8946114	5.8489184	3.1264536	0.12964474	1.7168561	28.462831
2020-08-07 15:36:35	1	3647.64	-97	-98	3200	4096	-1.1621761	0.0824606	0.07043964	0.08350333	-2.4857504E-6	3.747984E-4	0.011129883	0.39655113	-0.4456364	0.8421875	1.2634019	3.7588406	4.748926	5.629659	3.025635	0.14785486	1.989021	31.625368
2020-08-07 21:41:00	1	3647.916	-69	-69	3200	4096	-1.1607742	0.082390875	0.069804706	0.082911894	-1.4120869E-5	3.4407372E-4	0.010847301	0.3185867	-0.37047577	0.6890625	1.2561573	3.0589108	3.8424733	4.563972	2.9242072	0.13194019	1.625216	30.702963
2020-08-08 03:45:01	1	3647.796	-69	-70	3200	4096	-1.1588116	0.08086425	0.06744826	0.081711985	-5.0201885E-5	3.4854232E-4	0.010824612	0.31662405	-0.37243843	0.6890625	1.2732697	3.0432508	3.874879	4.694325	2.9746156	0.12800743	1.7150033	28.594604
2020-08-08 09:48:53	1	3647.496	-69	-70	3200	4096	-1.1594471	0.08320228	0.06994303	0.08343629	6.6725304E-5	3.4952856E-4	0.010979894	0.3938221	-0.29524037	0.6890625	1.2558682	3.758383	4.7200336	5.630613	2.899255	0.13287058	1.7942775	28.331059
2020-08-08 15:53:01	1	3647.94	-71	-71	3200	4096	-1.1570171	0.081966385	0.06906376	0.08367889	-1.407948E-5	3.6215637E-4	0.01116488	0.31482962	-0.37423286	0.6890625	1.2627319	2.9795353	3.7623544	4.5585356	2.9052799	0.1476847	2.158758	31.230053
2020-08-08 21:57:19	1	3648.228	-71	-73	3200	4096	-1.1582321	0.080945075	0.06711262	0.08132373	-1.10864385E-5	3.204339E-4	0.010605891	0.3160446	-0.37301788	0.6890625	1.2663574	3.0688438	3.8862534	4.7091684	2.8486829	0.12224339	1.5456724	30.439417
2020-08-09 04:01:20	1	3647.604	-69	-69	3200	4096	-1.1623443	0.08220153	0.0713473	0.08420675	-1.8571644E-5	3.5733404E-4	0.011135249	0.32015684	-0.36890563	0.6890625	1.25315	3.0339806	3.802033	4.4873013	2.8818705	0.13741851	2.073476	28.462831
2020-08-09 10:05:06	1	3647.136	-69	-70	3200	4096	-1.1578022	0.082228266	0.068404794	0.08280303	-2.5297539E-5	3.6527027E-4	0.011016269	0.39217722	-0.37344778	0.765625	1.2675673	3.736501	4.736266	5.7331834	3.009853	0.12114704	1.4219478	28.067516
2020-08-09 16:09:19	1	3647.796	-73	-74	3200	4096	-1.1259884	0.08309627	0.075160794	0.08579074	-8.068837E-5	3.729168E-4	0.011232552	0.3603634	-0.32869908	0.6890625	1.235375	3.4001763	4.200493	4.7945657	2.9556642	0.13311733	1.7550757	32.67955
2020-08-09 22:13:15	1	3647.784	-67	-68	3200	4096	-1.1270351	0.08290407	0.07362586	0.08465143	2.219574E-5	3.553991E-4	0.011049476	0.36141014	-0.40421486	0.765625	1.2417568	3.438187	4.269392	4.908739	2.9109375	0.1225038	1.552234	30.966507
2020-08-10 04:17:02	1	3646.956	-69	-69	3200	4096	-1.1273342	0.082234204	0.07319957	0.084081426	3.0310606E-5	3.5018116E-4	0.010890456	0.43827167	-0.32735327	0.76562494	1.2411462	4.1997204	5.212467	5.9873533	2.952573	0.13697386	1.8319138	27.013336
2020-08-10 10:20:38	1	3646.572	-67	-67	3200	4096	-1.1216145	0.08116822	0.07312456	0.082866184	1.4570686E-5	3.3331203E-4	0.010478943	0.35598946	-0.33307302	0.6890625	1.2353255	3.4775903	4.2959557	4.8682613	3.035401	0.12602532	1.6633084	26.486246
2020-08-10 16:24:35	1	3647.82	-71	-71	3200	4096	-1.1238762	0.08233846	0.07245432	0.0825698	4.500862E-5	3.2266704E-4	0.010447756	0.28168866	-0.3308113	0.61249995	1.2379134	2.7558646	3.4115217	3.8878107	2.9560282	0.12534551	1.6813304	31.493595
2020-08-10 22:28:47	1	3647.592	-69	-70	3200	4096	-1.1185116	0.08274774	0.07514356	0.084717475	-7.7063036E-5	3.451234E-4	0.010832367	0.3528866	-0.3361759	0.6890625	1.2285383	3.390576	4.165452	4.696165	2.941221	0.1337066	1.6612852	29.648783
2020-08-11 04:32:44	1	3647.304	-69	-69	3200	4096	-1.1210537	0.08084123	0.07438801	0.084176175	-3.663009E-5	3.4564766E-4	0.010760527	0.3554287	-0.33363378	0.6890625	1.2323316	3.4263816	4.2224383	4.7780375	2.9851527	0.1319256	1.8375427	28.331059
2020-08-11 10:36:31	1	3647.076	-67	-68	3200	4096	-1.1139694	0.08169025	0.07639541	0.08542311	7.937843E-5	3.3187412E-4	0.010784598	0.34834442	-0.34071806	0.6890625	1.2157005	3.3543384	4.0778713	4.5597563	2.8534184	0.1395523	1.8931612	28.462831
2020-08-11 16:40:38	1	3647.748	-67	-67	3200	4096	-1.1303997	0.083255365	0.07240032	0.084165186	4.8891234E-5	3.653668E-4	0.011061963	0.44133717	-0.32428777	0.76562494	1.2496362	4.196183	5.2437024	6.0957904	2.9858277	0.14147851	1.8812503	32.020687
2020-08-11 22:44:55	1	3647.856	-67	-69	3200	4096	-1.1340634	0.081482604	0.0697204	0.082561426	-1.2757518E-5	3.6731493E-4	0.010931696	0.36843833	-0.32062414	0.6890625	1.2663875	3.5238795	4.462597	5.2845125	3.0737145	0.11988215	1.4311708	30.17587
2020-08-12 04:48:57	1	3647.208	-67	-67	3200	4096	-1.134325	0.08225849	0.06860759	0.08090268	2.8179806E-5	3.262941E-4	0.010352396	0.36870003	-0.32036245	0.6890625	1.2576435	3.6237042	4.5573277	5.374041	3.0445805	0.11914337	1.5686228	28.858149
2020-08-12 10:52:54	1	3647.352	-67	-67	3200	4096	-1.1383998	0.08178809	0.06625537	0.08010623	6.1636665E-6	3.2558313E-4	0.010339178	0.44933736	-0.3928501	0.84218746	1.2693363	4.419056	5.6092687	6.781901	3.0457191	0.14384374	2.0162954	29.648783
2020-08-12 16:56:53	1	3647.208	-95	-97	3200	4096	-1.1304371	0.08289389	0.07205649	0.08377872	-1.9927076E-5	3.7682563E-4	0.011028963	0.3648121	-0.4008129	0.765625	1.2535269	3.4737766	4.354472	5.0628624	3.097926	0.11680543	1.4419796	28.858149
2020-08-12 23:00:41	1	3646.98	-65	-65	3200	4096	-1.1326427	0.08231382	0.07149414	0.08399743	-6.490915E-5	3.6566833E-4	0.011134989	0.36701775	-0.39860725	0.765625	1.2562582	3.478101	4.369393	5.1335363	2.9492242	0.14111729	1.7692449	27.145107
2020-08-13 05:04:13	1	3645.888	-63	-64	3200	4096	-1.1354091	0.08194557	0.0713296	0.08441132	-5.290464E-5	3.7053396E-4	0.011240485	0.29322165	-0.39584082	0.6890625	1.2560062	2.76569	3.4737241	4.1107993	2.9326344	0.14045343	1.9565061	26.486246
2020-08-13 11:07:45	1	3646.248	-65	-66	3200	4096	-1.137914	0.08240642	0.06818586	0.08235906	-5.5142627E-5	3.479716E-4	0.010910216	0.3722889	-0.3933361	0.765625	1.2682512	3.5642111	4.520315	5.4599133	2.9233253	0.13686204	1.8735671	27.408653
2020-08-13 17:11:45	1	3647.184	-67	-69	3200	4096	-1.1461945	0.081896484	0.059605677	0.07956733	-5.129882E-5	3.5999948E-4	0.010845629	0.38056946	-0.38505554	0.765625	1.3088582	3.65432	4.7829866	6.3847857	3.0605001	0.13057427	1.7295388	30.834734
2020-08-13 23:15:48	1	3647.232	-65	-65	3200	4096	-1.1383064	0.08127415	0.06755889	0.08173478	1.6475233E-5	3.4128426E-4	0.010765195	0.37268144	-0.31638104	0.6890625	1.2694162	3.5919213	4.5596433	5.5163937	2.9449131	0.12244518	1.5757216	28.726377
2020-08-14 05:19:39	1	3646.86	-63	-64	3200	4096	-1.1411476	0.082373485	0.067414574	0.08315059	4.6227557E-5	3.7906383E-4	0.0112755075	0.3755226	-0.31353986	0.6890625	1.2770348	3.5364544	4.5161753	5.5703483	2.9815366	0.1262347	1.745591	28.067516
2020-08-14 11:22:56	1	3646.584	-65	-67	3200	4096	-1.1402878	0.08096157	0.06709567	0.082031935	-4.0347673E-5	3.573891E-4	0.010895869	0.3746628	-0.46752474	0.8421875	1.2724712	3.589299	4.56728	5.5840087	3.0103543	0.12819986	1.6111882	28.726377
2020-08-14 17:27:03	1	3647.208	-67	-68	3200	4096	-1.1390915	0.08221608	0.068911724	0.0833556	3.720709E-5	3.4260747E-4	0.011055258	0.3734665	-0.31559598	0.6890625	1.2613908	3.551953	4.480401	5.419492	2.8032322	0.14076161	1.952764	31.09828
2020-08-14 23:31:15	1	3647.172	-69	-69	3200	4096	-1.1466243	0.08325657	0.062082354	0.08265517	8.5196305E-5	4.110572E-4	0.0115500465	0.45756185	-0.3846256	0.84218746	1.300235	4.257532	5.5357924	7.37024	3.081306	0.14298412	2.1084878	29.780556
2020-08-15 05:35:16	1	3647.04	-67	-67	3200	4096	-1.1447551	0.083540455	0.06403609	0.08234411	3.839632E-5	3.9075201E-4	0.011327971	0.37913018	-0.38649482	0.765625	1.2925386	3.562151	4.6042175	5.9205704	3.0450683	0.14590113	2.0919733	29.253468
2020-08-15 11:39:13	1	3647.052	-69	-69	3200	4096	-1.1381009	0.0827238	0.0712386	0.085341364	4.3473818E-5	3.783615E-4	0.011498006	0.37247583	-0.39314917	0.765625	1.2564688	3.473656	4.3645406	5.2285676	2.8619487	0.14027412	2.0246096	30.17587
2020-08-15 17:43:15	1	3646.788	-71	-71	3200	4096	-1.1314838	0.083509244	0.072548315	0.084629804	1.3393353E-5	3.7887628E-4	0.011211525	0.44242132	-0.39976615	0.84218746	1.2511489	4.1783395	5.2277246	6.098299	3.0141723	0.13293684	1.8195785	28.989922
2020-08-15 23:47:10	1	3646.2	-71	-71	3200	4096	-1.128923	0.080818914	0.07098656	0.08226226	-7.854097E-6	3.4870388E-4	0.010641578	0.36329803	-0.32576445	0.6890625	1.2540139	3.5217624	4.416339	5.117842	3.0792482	0.14240533	2.0546546	27.540424
2020-08-16 05:50:49	1	3645.972	-71	-71	3200	4096	-1.1323436	0.08230989	0.07136795	0.08319979	8.321263E-5	3.4064116E-4	0.010764812	0.36671868	-0.3223438	0.6890625	1.2470417	3.534515	4.4076877	5.1384225	2.9395726	0.13108274	1.6687524	27.145107
2020-08-16 11:54:30	1	3645.744	-69	-70	3200	4096	-1.1255772	0.08095472	0.07322651	0.08338124	-1.4846245E-5	3.3004698E-4	0.010575646	0.35995218	-0.40567282	0.765625	1.2333463	3.5001879	4.316944	4.915599	2.9509506	0.12328279	1.5743043	27.935743
2020-08-16 17:58:16	1	3645.888	-69	-69	3200	4096	-1.1252968	0.08136886	0.07378731	0.08408904	3.3983117E-5	3.314305E-4	0.010727325	0.3596718	-0.32939067	0.6890625	1.2317039	3.4726472	4.277273	4.8744397	2.8801131	0.1223845	1.5998634	28.199286
2020-08-17 00:01:58	1	3645.648	-71	-71	3200	4096	-1.1202313	0.08090544	0.07331738	0.0827239	4.6435987E-5	3.2333418E-4	0.010354168	0.35460624	-0.33445624	0.6890625	1.2300608	3.4848878	4.286624	4.836592	3.01593	0.117656566	1.4986366	27.013336
2020-08-17 06:05:29	1	3645.156	-69	-69	3200	4096	-1.1271286	0.08216136	0.0735109	0.084344596	2.7176116E-5	3.4720986E-4	0.01090034	0.3615036	-0.4041214	0.765625	1.237835	3.4625225	4.2860317	4.9176874	2.9222138	0.1322657	1.6217798	26.2227
2020-08-17 12:09:01	1	3645.072	-73	-74	3200	4096	-1.1269977	0.08175041	0.07370874	0.08428857	-1.6322909E-5	3.5101912E-4	0.010844658	0.36137277	-0.3276897	0.6890625	1.2354901	3.470144	4.2873282	4.9027123	2.9846888	0.12611337	1.5679069	27.013336
2020-08-17 18:12:42	1	3645.624	-71	-72	3200	4096	-1.1241753	0.08089426	0.073940545	0.084328584	4.1263847E-5	3.5337382E-4	0.010900277	0.35855028	-0.3305122	0.6890625	1.2380664	3.434245	4.2518234	4.84917	2.9741256	0.12271084	1.5386167	27.672197
2020-08-18 00:16:23	1	3645.732	-69	-70	3200	4096	-1.1255585	0.082568035	0.0746427	0.08521735	4.640098E-5	3.5917092E-4	0.011074248	0.35993347	-0.329129	0.6890625	1.2348922	3.4203074	4.223711	4.822085	2.9286854	0.12941338	1.7465757	27.27688
2020-08-18 06:20:04	1	3645.66	-69	-70	3200	4096	-1.12268	0.0826977	0.07456161	0.08499785	-4.7861908E-5	3.8948536E-4	0.0111746695	0.35705492	-0.40857008	0.765625	1.2436821	3.3776734	4.2007523	4.7887235	3.119046	0.14071876	1.9693965	27.013336
2020-08-18 12:23:41	1	3645.444	-71	-72	3200	4096	-1.1197827	0.08223809	0.07580444	0.085437715	3.5484413E-7	3.631941E-4	0.010998418	0.35415766	-0.41146734	0.765625	1.227483	3.3770034	4.1452146	4.6719904	3.0024679	0.14406645	2.1279302	27.145107
2020-08-18 18:27:18	1	3644.964	-69	-70	3200	4096	-1.1140255	0.081918865	0.07543809	0.08478897	9.676715E-5	3.622233E-4	0.010887207	0.3484005	-0.34066197	0.6890625	1.2306056	3.3390315	4.109031	4.6183634	3.05593	0.14075981	1.8169992	26.61802
2020-08-19 00:31:04	1	3644.628	-67	-67	3200	4096	-1.1162685	0.08279644	0.077089064	0.08675562	3.3764474E-5	3.8176484E-4	0.011334222	0.35064355	-0.41498145	0.765625	1.2271516	3.2935934	4.041739	4.548551	2.9717515	0.12549177	1.4710629	25.827385
2020-08-19 06:34:09	1	3644.496	-71	-71	3200	4096	-1.115633	0.08157438	0.075639345	0.08502983	-5.556336E-6	3.603703E-4	0.010923704	0.350008	-0.33905447	0.6890625	1.2291749	3.3488295	4.116297	4.6273274	3.0200152	0.12378648	1.5650935	25.695612
2020-08-19 12:37:40	1	3644.58	-71	-71	3200	4096	-1.1157825	0.08144951	0.07423287	0.083484754	4.938703E-5	3.5125634E-4	0.010590026	0.42672002	-0.33890492	0.76562494	1.2326545	4.1466227	5.1113524	5.7483974	3.1320603	0.13023183	1.8037688	26.61802
2020-08-19 18:41:17	1	3645.12	-71	-72	3200	4096	-1.1188294	0.08456195	0.07729384	0.086973965	-9.698798E-6	3.7099415E-4	0.01129636	0.4297668	-0.41242066	0.84218746	1.2220247	4.0435576	4.941327	5.5601687	2.9073014	0.13435754	1.7504342	27.408653
2020-08-20 00:44:48	1	3644.256	-65	-66	3200	4096	-1.112717	0.081718326	0.075561926	0.0846834	-5.5616838E-5	3.444368E-4	0.010746785	0.34709206	-0.41853294	0.765625	1.2241678	3.3481538	4.0987024	4.593478	2.9823072	0.1260693	1.6161466	25.432068
2020-08-20 06:48:09	1	3643.944	-67	-68	3200	4096	-1.1123432	0.08166144	0.07592037	0.085160844	-1.7453665E-5	3.5548344E-4	0.01090312	0.34671822	-0.34234425	0.6890625	1.2261269	3.320483	4.071334	4.566867	2.990321	0.13423733	1.7329432	24.904978
2020-08-20 12:51:30	1	3643.716	-73	-74	3200	4096	-1.1147919	0.08148493	0.076221354	0.08544984	2.4254461E-5	3.5472983E-4	0.010923623	0.34916687	-0.3398956	0.6890625	1.2231286	3.3407938	4.0862207	4.580959	2.9727905	0.14001498	1.8967109	26.2227
2020-08-20 18:55:12	1	3645.156	-71	-72	3200	4096	-1.479847	0.08189528	0.07375879	0.0838292	1.4779663E-5	3.449423E-4	0.010727132	0.33140948	-0.3576531	0.6890626	1.2355106	3.199802	3.9533894	4.493152	2.9976382	0.12696166	1.63809	28.199286
2020-08-21 00:58:53	1	3644.088	-71	-71	3200	4096	-1.4745759	0.0816146	0.072151765	0.08344437	3.5603654E-5	3.3357268E-4	0.010792852	0.32613832	-0.28636175	0.6125001	1.2450049	3.1393065	3.908452	4.5201707	2.8636374	0.12191729	1.460847	26.09093
2020-08-21 07:02:14	1	3643.776	-73	-74	3200	4096	-1.4662205	0.080231756	0.06702094	0.08059328	1.0638501E-5	3.3307547E-4	0.010501549	0.39434552	-0.29471707	0.6890626	1.2715336	3.8481345	4.893032	5.883915	3.020202	0.12345686	1.6858047	24.904978
2020-08-21 13:05:40	1	3644.256	-75	-75	3200	4096	-1.465585	0.08129504	0.069439925	0.08328013	-6.794188E-5	3.3892764E-4	0.01097662	0.31714746	-0.37191513	0.6890626	1.2580355	3.027101	3.8082008	4.567221	2.813	0.13961522	2.06469	27.013336
2020-08-21 19:09:01	1	3645.528	-77	-77	3200	4096	-0.39675674	0.08288953	0.07059555	0.0835199	6.819668E-5	3.6463194E-4	0.011094134	0.39675674	-0.2923058	0.68906254	1.261121	3.7668438	4.750446	5.6201386	2.9625647	0.13106821	1.702631	28.594604
2020-08-22 01:12:48	1	3644.844	-73	-74	3200	4096	-0.39649507	0.080868036	0.06907982	0.08170094	-8.418623E-5	3.206361E-4	0.010523196	0.31993255	-0.36912993	0.6890625	1.2555869	3.118779	3.9158978	4.631346	2.8954568	0.13903406	1.8577859	26.61802
2020-08-22 07:16:18	1	3644.028	-71	-72	3200	4096	-0.38677523	0.081583515	0.06305972	0.0808778	-7.0711567E-6	3.5963132E-4	0.010920821	0.38677523	-0.37884977	0.765625	1.2921064	3.7011015	4.782217	6.133476	3.015414	0.1288002	1.6580877	25.432068
2020-08-22 13:19:50	1	3644.196	-71	-72	3200	4096	-0.42133674	0.08062887	0.07517393	0.0841711	-5.6384368E-5	3.4098336E-4	0.010618758	0.34477425	-0.34428826	0.6890625	1.2242606	3.3457844	4.096112	4.5863543	3.024027	0.120874144	1.4537723	27.408653
2020-08-22 19:23:42	1	3645.228	-73	-73	3200	4096	-0.43004724	0.08074965	0.074123144	0.08344987	1.613858E-5	3.3372286E-4	0.010510031	0.35348472	-0.33557776	0.6890625	1.2285032	3.4480112	4.235893	4.7688847	3.0211895	0.14184394	1.9662559	28.199286
2020-08-23 01:27:24	1	3644.736	-73	-73	3200	4096	-0.4312996	0.08193649	0.07542309	0.085137375	1.5925247E-5	3.522078E-4	0.010915369	0.3547371	-0.3343254	0.6890625	1.2271537	3.3953724	4.1666436	4.703295	2.9561207	0.13297087	1.7941	26.61802
2020-08-23 07:30:55	1	3644.004	-77	-77	3200	4096	-0.43023416	0.081796974	0.075370625	0.08501753	-6.309207E-5	3.65897E-4	0.010950292	0.35367164	-0.33539084	0.6890625	1.2308478	3.379772	4.159985	4.692434	3.0514581	0.12128122	1.4737489	25.695612
2020-08-23 13:34:31	1	3644.268	-75	-76	3200	4096	-0.43073884	0.08157618	0.075359285	0.08508964	2.7306369E-5	3.5458495E-4	0.010943674	0.35417634	-0.4114487	0.765625	1.2294331	3.3856182	4.1623907	4.6998367	2.9606974	0.13368799	1.8669475	28.067516
2020-08-23 19:38:27	1	3644.976	-71	-72	3200	4096	-0.43255195	0.08069911	0.07445959	0.084020756	-7.405891E-5	3.3679226E-4	0.010616327	0.35598946	-0.40963557	0.765625	1.2263108	3.4550154	4.2369227	4.7809753	2.9882267	0.12706402	1.6891154	28.199286
2020-08-24 01:42:09	1	3643.908	-67	-67	3200	4096	-0.42819673	0.081104144	0.073383085	0.0824862	6.429721E-5	3.2641704E-4	0.01027642	0.42819673	-0.33742827	0.765625	1.2289654	4.2239857	5.191132	5.835088	3.09093	0.12866972	1.6173078	26.354473
2020-08-24 07:45:35	1	3643.296	-69	-69	3200	4096	-0.42576677	0.08156605	0.07557917	0.08490993	-1.8688525E-5	3.555757E-4	0.010871753	0.34920427	-0.33985823	0.6890625	1.22798	3.3491125	4.1126432	4.620377	3.0083811	0.13121113	1.8107412	25.300295
2020-08-24 13:49:06	1	3644.208	-97	-98	3200	4096	-0.4292248	0.08074556	0.07400093	0.08344676	-1.5674372E-5	3.4553226E-4	0.010604224	0.3526623	-0.3364002	0.6890625	1.234042	3.4246767	4.226195	4.7656465	3.0727754	0.13818446	1.9129415	27.540424
2020-08-24 19:52:32	1	3645.144	-69	-70	3200	4096	-0.4333931	0.08087012	0.073972955	0.08373745	-1.0952467E-5	3.309426E-4	0.010582033	0.3568306	-0.3322319	0.6890625	1.2284708	3.4687862	4.261303	4.823798	2.955388	0.12865338	1.6653763	28.989922
2020-08-25 01:56:24	1	3644.58	-67	-68	3200	4096	-0.43208465	0.08081961	0.07419723	0.083855785	4.701411E-5	3.4198785E-4	0.010646853	0.43208465	-0.33354035	0.765625	1.2304887	4.187533	5.1527114	5.8234606	3.0169504	0.12276545	1.522221	27.408653
2020-08-25 07:59:57	1	3643.92	-69	-70	3200	4096	-0.434552	0.08151506	0.07436812	0.084346704	-1.0632761E-5	3.4744435E-4	0.010781159	0.35798952	-0.4076355	0.765625	1.2310185	3.4477644	4.2442617	4.81375	2.9891956	0.14540283	2.0121527	26.2227
2020-08-25 14:03:36	1	3644.604	-69	-70	3200	4096	-0.43122482	0.08165487	0.074992	0.08463707	-3.1944775E-5	3.441242E-4	0.0108024	0.35466233	-0.4109627	0.765625	1.2280033	3.4123607	4.19039	4.729336	2.948999	0.128346	1.6844198	28.858149
2020-08-25 20:07:44	1	3645.252	-71	-71	3200	4096	-0.43655205	0.08236328	0.0746792	0.08534936	-5.5552664E-5	3.796954E-4	0.011175554	0.35998955	-0.40563548	0.765625	1.2386092	3.4053	4.2178354	4.8204794	3.0401652	0.13016905	1.8078438	30.044102
2020-08-26 02:11:51	1	3645.192	-71	-71	3200	4096	-0.4362156	0.08105877	0.07313532	0.08341275	-3.3767174E-5	3.365537E-4	0.010616262	0.3596531	-0.4059719	0.765625	1.2352457	3.490583	4.311728	4.9176393	2.9861462	0.13377236	1.9332607	28.462831
2020-08-26 08:15:38	1	3644.496	-71	-71	3200	4096	-0.42810327	0.08170013	0.07566607	0.08504524	5.2566964E-5	3.4866E-4	0.010850182	0.35154077	-0.33752173	0.6890625	1.2248094	3.374871	4.1335735	4.64595	2.9616115	0.12573844	1.684641	27.27688
2020-08-26 14:19:25	1	3644.52	-71	-72	3200	4096	-0.42653313	0.0825181	0.07494251	0.08424122	6.626823E-5	3.5060392E-4	0.010723755	0.34997064	-0.33909187	0.6890625	1.2292743	3.3795445	4.154387	4.669855	3.0487583	0.1260792	1.6539136	28.858149
2020-08-26 20:23:25	1	3644.544	-69	-70	3200	4096	-0.4277481	0.08012059	0.07514009	0.08460427	-4.9920694E-5	3.5756608E-4	0.01084931	0.35118562	-0.3378769	0.6890625	1.2311438	3.371597	4.150921	4.673745	3.0377502	0.12580724	1.739546	28.594604
2020-08-27 02:27:12	1	3644.34	-71	-72	3200	4096	-0.42451438	0.08170516	0.076171495	0.085296616	1.1077402E-5	3.4786397E-4	0.010853267	0.3479519	-0.34111062	0.6890625	1.2213734	3.3399422	4.0793166	4.568007	2.9531698	0.13577032	1.931271	27.27688
2020-08-27 08:30:53	1	3643.812	-73	-74	3200	4096	-0.4284958	0.08163386	0.07442209	0.08379975	-8.221155E-6	3.3455607E-4	0.010609823	0.2753708	-0.41369173	0.68906254	1.2291683	2.6733992	3.2860577	3.7001216	2.972026	0.12778184	1.6691992	26.881563
2020-08-27 14:34:09	1	3644.832	-73	-73	3200	4096	-0.4298977	0.08066164	0.074846715	0.08458629	-2.082255E-5	3.5460922E-4	0.010887637	0.3533352	-0.3357273	0.6890625	1.2335786	3.3862584	4.177216	4.720784	2.9914572	0.1329655	1.7907405	29.51701
2020-08-27 20:38:16	1	3644.928	-69	-71	3200	4096	-0.42855188	0.0816832	0.07380564	0.08340689	-5.648264E-6	3.556952E-4	0.010677683	0.35198936	-0.41363564	0.765625	1.238901	3.406364	4.2201476	4.7691393	3.1197798	0.1252568	1.6527419	29.385239
2020-08-28 02:42:08	1	3644.232	-71	-71	3200	4096	-0.4277668	0.08171208	0.07448538	0.08393041	-1.6278516E-5	3.4393911E-4	0.010694501	0.3512043	-0.3378582	0.6890625	1.2321424	3.396093	4.18447	4.715077	3.0071874	0.13735944	1.8839201	27.672197
2020-08-28 08:45:43	1	3643.44	-67	-68	3200	4096	-0.42666396	0.08040853	0.07534752	0.08457519	-5.725871E-5	3.4586902E-4	0.0107423505	0.35010147	-0.41552356	0.765625	1.2254813	3.3778806	4.139529	4.6464896	2.9971817	0.11863777	1.4565009	26.486246
2020-08-28 14:49:25	1	3644.892	-91	-70	3200	4096	-0.42784157	0.082150765	0.07532919	0.08480828	1.8054474E-5	3.6261792E-4	0.010896715	0.35127908	-0.33778343	0.6890625	1.2308625	3.3651505	4.1420374	4.663253	3.0539231	0.14177969	2.0363042	29.912329
2020-08-28 20:53:38	1	3644.928	-71	-71	3200	4096	-0.4322903	0.08193165	0.07638864	0.08618368	2.5741632E-5	3.484437E-4	0.011077347	0.35572776	-0.40989724	0.765625	1.221217	3.3798692	4.127554	4.656815	2.8396251	0.12916572	1.800938	29.648783
2020-08-29 02:57:34	1	3644.412	-69	-69	3200	4096	-0.4272808	0.08095242	0.0749607	0.08418638	-2.1371265E-5	3.3653248E-4	0.0106406445	0.35071832	-0.4149067	0.765625	1.2252991	3.3999653	4.1659746	4.6786957	2.9722893	0.13201424	1.7011085	28.067516
2020-08-29 09:01:21	1	3643.62	-71	-72	3200	4096	-0.42378542	0.081828415	0.07650657	0.08548152	-6.91857E-5	3.3965945E-4	0.010806204	0.3472229	-0.34183958	0.6890625	1.2160861	3.3401947	4.061965	4.5384717	2.90869	0.137106	1.8127216	27.540424
2020-08-29 15:05:12	1	3644.604	-67	-68	3200	4096	-0.42608452	0.082566336	0.07673005	0.08620689	2.4854988E-5	3.7338276E-4	0.011163491	0.34952202	-0.416103	0.765625	1.2256262	3.3080688	4.0544558	4.555217	2.9960856	0.11724103	1.3276759	29.912329
2020-08-29 21:09:28	1	3644.304	-69	-71	3200	4096	-0.42752382	0.082757466	0.07617092	0.08585411	-7.631506E-5	3.8357696E-4	0.01120716	0.3509613	-0.33810118	0.6890625	1.2330669	3.3152132	4.0878797	4.6075497	3.0539463	0.121136755	1.4685217	29.51701
2020-08-30 03:13:17	1	3644.112	-71	-72	3200	4096	-0.42571068	0.081708625	0.07532471	0.08465079	-7.549353E-6	3.5680653E-4	0.010829342	0.34914818	-0.41647685	0.765625	1.2293344	3.3551254	4.124571	4.635241	3.042487	0.124596894	1.434522	28.199286
2020-08-30 09:17:02	1	3643.512	-91	-71	3200	4096	-0.42389756	0.081658565	0.07571186	0.08504131	-2.8996961E-5	3.589008E-4	0.010911489	0.34733507	-0.41828996	0.765625	1.2283217	3.3251145	4.08431	4.587591	3.0144384	0.12636581	1.504318	27.408653
2020-08-30 15:20:55	1	3644.508	-73	-74	3200	4096	-0.4254116	0.08133477	0.07490522	0.08406052	-4.2484655E-5	3.4389793E-4	0.010651694	0.34884912	-0.3402134	0.6890625	1.2277707	3.3800902	4.149976	4.657207	3.031044	0.12681995	1.656746	29.780556
2020-08-30 21:25:02	1	3644.484	-75	-76	3200	4096	-0.43728104	0.08092353	0.07331175	0.08389664	7.1911396E-5	3.4908022E-4	0.010803295	0.36071855	-0.32834396	0.6890625	1.2388923	3.4704864	4.299559	4.920337	2.9909747	0.118672	1.6450144	29.121695
2020-08-31 03:28:48	1	3643.404	-75	-76	3200	4096	-0.4322342	0.08093339	0.07262038	0.082455896	-3.3346827E-5	3.380909E-4	0.010474673	0.3556717	-0.3333908	0.6890625	1.2412194	3.4751942	4.313478	4.8976846	3.0814316	0.12807763	1.4889977	27.540424
2020-08-31 09:32:25	1	3642.384	-73	-74	3200	4096	-0.43331835	0.08175014	0.0732331	0.08304672	2.6554675E-5	3.4756653E-4	0.01053807	0.35675582	-0.40886918	0.765625	1.2361127	3.4752858	4.295845	4.871511	3.129794	0.124798834	1.5801464	26.2227
2020-08-31 15:36:00	1	3643.152	-77	-77	3200	4096	-0.43286973	0.081282094	0.07330151	0.082906544	1.4094012E-6	3.1986806E-4	0.010391416	0.43286973	-0.33275527	0.765625	1.2295567	4.24639	5.2211766	5.905332	2.962248	0.12837577	1.740278	27.408653
2020-08-31 21:39:37	1	3642.564	-77	-77	3200	4096	-0.42900047	0.082428634	0.07409544	0.083585165	2.492682E-5	3.508928E-4	0.010650755	0.35243797	-0.33662453	0.6890625	1.2346988	3.4150143	4.2165136	4.7565403	3.0932407	0.1266845	1.5507383	26.749792
2020-09-01 03:43:08	1	3641.712	-77	-77	3200	4096	-0.43443987	0.08033277	0.072451	0.082150705	-1.0893637E-4	3.1578014E-4	0.010277553	0.35787734	-0.33118513	0.6890625	1.2340523	3.530119	4.3563514	4.939578	2.9895468	0.122897	1.5169599	25.695612
2020-09-01 09:46:34	1	3641.196	-73	-73	3200	4096	-0.43567353	0.08291237	0.07421464	0.08445897	5.0268638E-5	3.3163602E-4	0.010795509	0.35911104	-0.32995147	0.6890625	1.2302002	3.4562662	4.2518992	4.8388166	2.8456104	0.13297114	1.802503	25.563839
2020-09-01 15:49:45	1	3643.704	-75	-76	3200	4096	-0.43376693	0.08217939	0.074977554	0.08499459	2.0744026E-6	3.374805E-4	0.01089899	0.35720444	-0.33185807	0.6890625	1.2282926	3.4215567	4.2026725	4.7641516	2.8410327	0.13237268	1.8057811	29.51701
2020-09-01 21:53:37	1	3642.54	-73	-74	3200	4096	-0.42933694	0.08126138	0.07484003	0.08435433	1.40473385E-5	3.53507E-4	0.010776983	0.35277444	-0.4128506	0.765625	1.2306688	3.3981967	4.1820545	4.713713	3.0437126	0.14461602	1.923613	27.27688
2020-09-02 03:57:09	1	3641.964	-73	-73	3200	4096	-0.4329632	0.081536874	0.07510197	0.08520625	-5.3796746E-5	3.735472E-4	0.011078999	0.4329632	-0.40922433	0.8421875	1.2353182	4.1133976	5.081355	5.765004	3.0432973	0.12651807	1.5456494	25.959158
2020-09-02 10:00:34	1	3641.472	-73	-75	3200	4096	-0.43305665	0.0809608	0.07461498	0.08434773	-7.876655E-5	3.4296335E-4	0.010739031	0.35649416	-0.40913087	0.765625	1.2285962	3.4400904	4.226482	4.7777824	2.9738395	0.13357176	1.8401674	25.959158
2020-09-02 16:04:16	1	3643.308	-75	-75	3200	4096	-0.42909393	0.08196814	0.07470884	0.08409922	-2.2357517E-5	3.274658E-4	0.010629233	0.27596894	-0.33653107	0.6125	1.2259111	2.6767588	3.2814684	3.6939263	2.8984253	0.15401319	2.1197197	28.989922
2020-09-02 22:08:03	1	3642.444	-71	-71	3200	4096	-0.43094444	0.08162263	0.074539185	0.08413742	2.0804508E-5	3.3041165E-4	0.010659168	0.35438195	-0.33468056	0.6890625	1.2270789	3.432495	4.211942	4.7543044	2.908096	0.13261214	1.5668535	26.749792
2020-09-03 04:11:38	1	3641.388	-71	-72	3200	4096	-0.42771074	0.08128824	0.07344049	0.08285892	-8.0653735E-5	3.5995763E-4	0.010552136	0.35114822	-0.41447678	0.765625	1.2397408	3.4183798	4.237905	4.7813983	3.2327387	0.13204113	1.9138643	25.695612
2020-09-03 10:14:59	1	3640.56	-73	-74	3200	4096	-0.42814064	0.08207195	0.07528716	0.08467567	1.2719042E-4	3.495538E-4	0.010795274	0.35157815	-0.33748436	0.6890625	1.2270385	3.3838027	4.152056	4.6698284	2.9994848	0.143101	1.9275874	25.300295
2020-09-03 16:18:40	1	3642.924	-71	-71	3200	4096	-0.43257067	0.08249159	0.07412302	0.08386982	-8.214395E-5	3.3573897E-4	0.010641659	0.27944565	-0.48617938	0.76562506	1.2299825	2.7088983	3.3318975	3.7700253	2.9647162	0.13395442	1.6987069	28.462831
2020-09-03 22:22:28	1	3641.988	-71	-72	3200	4096	-0.44374847	0.08215556	0.07175252	0.08373133	3.413645E-5	3.64406E-4	0.010932761	0.44374847	-0.39843905	0.8421875	1.2487541	4.2439666	5.2996707	6.184431	3.0487778	0.13409138	1.7370572	26.354473
2020-09-04 04:25:54	1	3640.308	-75	-76	3200	4096	-0.44494477	0.081691906	0.07043254	0.08319682	8.8214576E-5	3.5690612E-4	0.010962994	0.36838228	-0.39724275	0.765625	1.2585135	3.5183103	4.4278407	5.2302856	2.9695845	0.12367451	1.5282977	24.904978
2020-09-04 10:29:14	1	3639.288	-95	-95	3200	4096	-0.4395054	0.08188026	0.07238008	0.08367052	-3.7651173E-6	3.6423802E-4	0.010918103	0.4395054	-0.3261196	0.765625	1.2488238	4.206207	5.252811	6.072187	3.0555604	0.12934527	1.7616165	24.904978
2020-09-04 16:32:51	1	3642.984	-75	-76	3200	4096	-0.4420662	0.08130199	0.07124107	0.08311626	-7.632707E-5	3.700444E-4	0.010920288	0.3655037	-0.40012133	0.765625	1.2572771	3.497637	4.397499	5.1305194	3.1030276	0.13929784	1.7466098	28.726377
2020-09-04 22:36:42	1	3642.432	-69	-70	3200	4096	-0.43986055	0.08182958	0.07188411	0.08335665	3.4338704E-5	3.8063357E-4	0.010976455	0.36329803	-0.32576445	0.6890625	1.2568712	3.467624	4.358357	5.053941	3.159242	0.13643843	1.9957211	27.145107
2020-09-05 04:40:18	1	3640.464	-69	-100	3200	4096	-0.43860817	0.08276633	0.07468325	0.08552281	-5.7178542E-5	3.648573E-4	0.011159278	0.36204568	-0.32701683	0.6890625	1.2351967	3.427246	4.233323	4.847749	2.9298866	0.13737023	1.9550197	25.563839
2020-09-05 10:43:40	1	3639.816	-73	-73	3200	4096	-0.4408512	0.081719235	0.07156215	0.083367705	2.6103324E-5	3.6509818E-4	0.01096405	0.36428872	-0.4013363	0.765625	1.2559943	3.4790463	4.3696623	5.0905223	3.03716	0.120994374	1.4661088	25.432068
2020-09-05 16:47:26	1	3642.972	-93	-94	3200	4096	-0.4415989	0.08130955	0.07102454	0.08235545	1.191603E-5	3.3669348E-4	0.01055041	0.3650364	-0.40058863	0.765625	1.2472179	3.5538697	4.43245	5.1395817	3.0247958	0.14010991	1.9179555	28.989922
2020-09-05 22:51:23	1	3642.384	-71	-72	3200	4096	-0.44301948	0.081868544	0.07143548	0.08327839	-7.497402E-5	3.454246E-4	0.010802113	0.366457	-0.39916804	0.765625	1.2480215	3.525889	4.4003854	5.1299014	2.9603002	0.12873049	1.5480628	27.80397
2020-09-06 04:55:05	1	3640.956	-71	-72	3200	4096	-0.44348678	0.08188842	0.07123643	0.08310084	-1.4107746E-5	3.449414E-4	0.010758506	0.3669243	-0.39870074	0.765625	1.2481608	3.5375328	4.41541	5.150796	2.9801724	0.13400996	1.7430377	26.354473
2020-09-06 10:58:36	1	3640.764	-79	-79	3200	4096	-0.44548684	0.08077192	0.06891653	0.08139767	5.6366076E-5	3.3171108E-4	0.010493198	0.36892435	-0.32013816	0.6890625	1.2584674	3.6014996	4.53237	5.353205	3.0126188	0.12012018	1.5240647	26.61802
2020-09-06 17:02:32	1	3643.044	-73	-73	3200	4096	-0.44515038	0.08129633	0.068643555	0.081792675	-3.10811E-6	3.6112042E-4	0.01083293	0.36858788	-0.32047462	0.6890625	1.2725023	3.5413437	4.506368	5.369592	3.0772314	0.14664018	2.181433	29.912329
2020-09-06 23:06:36	1	3642.204	-69	-69	3200	4096	-0.44058952	0.08394645	0.07305184	0.08455202	5.3303975E-5	3.6722023E-4	0.011085948	0.36402702	-0.401598	0.765625	1.2452669	3.4573808	4.3053617	4.983133	2.988002	0.12730815	1.5915471	28.331059
2020-09-07 05:10:16	1	3641.184	-67	-70	3200	4096	-0.43958017	0.080805734	0.07062599	0.08147113	3.6933627E-5	3.058214E-4	0.0102570355	0.36301765	-0.32604483	0.6890625	1.2431031	3.584403	4.455783	5.140001	2.9068606	0.13198657	1.7015046	26.61802
2020-09-07 11:13:42	1	3640.572	-69	-70	3200	4096	-0.43793526	0.08117187	0.07310021	0.08413161	7.05457E-6	3.712854E-4	0.010982042	0.43793526	-0.40425226	0.8421875	1.2456107	4.1789613	5.2053595	5.9908895	3.0785177	0.1298211	1.8448095	26.354473
2020-09-07 17:17:33	1	3642.84	-77	-78	3200	4096	-0.44049606	0.08264528	0.07282563	0.08443166	-6.636564E-5	3.7728655E-4	0.011155414	0.36393356	-0.32512894	0.6890625	1.2509431	3.4457142	4.3103924	4.997328	3.0317953	0.13295813	1.6984572	29.385239
2020-09-07 23:21:32	1	3641.328	-93	-94	3200	4096	-0.43802872	0.08104688	0.07073311	0.08094503	-9.984902E-6	2.9634338E-4	0.010037216	0.28490373	-0.32759628	0.6125	1.237703	2.8437505	3.5197184	4.027869	2.9414988	0.13067326	1.8674213	27.408653
2020-09-08 05:25:03	1	3640.356	-93	-100	3200	4096	-0.44034654	0.081483334	0.07279803	0.08381694	4.5068078E-5	3.2796315E-4	0.010729001	0.36378404	-0.32527846	0.6890625	1.235799	3.5120769	4.340221	4.9971685	2.8490922	0.12888592	1.712349	26.09093
2020-09-08 11:28:33	1	3640.524	-77	-78	3200	4096	-0.44081384	0.081103876	0.0710373	0.08264091	1.905584E-5	3.3074047E-4	0.010682167	0.28768882	-0.32481116	0.6125	1.2506466	2.7835135	3.4811916	4.049828	2.8984692	0.121862546	1.5633677	26.749792
2020-09-08 17:32:25	1	3642.276	-75	-76	3200	4096	-0.44240266	0.08177583	0.07126481	0.083218575	-6.582183E-5	3.4858263E-4	0.010871716	0.36584017	-0.32322234	0.6890625	1.2529356	3.5086684	4.396136	5.1335316	2.9492362	0.12166101	1.4827715	28.989922
2020-09-08 23:36:16	1	3641.736	-71	-71	3200	4096	-0.44148675	0.081039295	0.069826454	0.08147009	7.39328E-5	3.4194515E-4	0.010514925	0.44148675	-0.32413825	0.765625	1.2586498	4.3054104	5.419004	6.322629	3.0927446	0.13097212	1.7848397	27.672197
2020-09-09 05:39:53	1	3639.348	-71	-71	3200	4096	-0.44281387	0.07956248	0.06941378	0.081120655	8.058329E-5	3.1136346E-4	0.0103102	0.2896889	-0.32281113	0.6125	1.2517053	2.852977	3.5710866	4.1733627	2.9290948	0.12555562	1.5525112	25.959158
2020-09-09 11:43:23	1	3639.78	-73	-100	3200	4096	-0.4420475	0.08201152	0.07210551	0.08421328	4.992433E-5	3.6752885E-4	0.011150049	0.365485	-0.40014002	0.765625	1.2538853	3.4612358	4.3399925	5.068753	2.9562278	0.13800907	2.0160973	26.486246
2020-09-09 17:47:21	1	3642.24	-75	-75	3200	4096	-0.4380474	0.082103334	0.07303307	0.08388516	-3.3206343E-5	3.5094353E-4	0.010849453	0.36148492	-0.4041401	0.765625	1.2417059	3.4704537	4.309283	4.949606	2.9814095	0.13051477	1.7496448	29.253468
2020-09-09 23:51:12	1	3640.788	-69	-70	3200	4096	-0.43821564	0.08153466	0.073662005	0.08478758	5.2361203E-5	3.774778E-4	0.011149976	0.36165315	-0.32740936	0.6890625	1.2453883	3.424958	4.265403	4.9096293	3.0362916	0.12975222	1.7517855	27.540424
2020-09-10 05:54:48	1	3638.172	-71	-72	3200	4096	-0.43801004	0.08224955	0.07377947	0.08463163	4.3560354E-5	3.565388E-4	0.010999554	0.36144754	-0.4041775	0.765625	1.2392383	3.446337	4.2708325	4.899026	2.946841	0.14391375	2.1404026	25.695612
2020-09-10 11:58:19	1	3639.348	-73	-73	3200	4096	-0.43905678	0.08264311	0.073852204	0.085065894	4.0212275E-5	3.7643258E-4	0.011197745	0.3624943	-0.32656822	0.6890625	1.2439698	3.4255939	4.2613354	4.908375	3.0021062	0.12810513	1.5578096	26.486246
