2020-05-23 09:56:32	5	3616.0486	-85	-85	102400	4096	-14.833081	0.1753299	0.14372478	0.15807864	4.1070487E-4	0.001644341	0.031583034	0.37410796	-0.36591756	0.7400255	1.1242262	2.1050868	2.3665938	2.6029468	1.648482	0.004357527	1.9826174E-4	26.072
2020-05-23 10:02:32	5	3613.2214	-79	-80	102400	4096	-14.903374	0.17830609	0.14664468	0.16104029	4.5003867E-4	0.0017405094	0.032629445	0.4058308	-0.3532024	0.7590332	1.1216835	2.2466745	2.5200577	2.7674432	1.6347712	0.004622081	2.260352E-4	25.976
2020-05-23 10:08:58	5	3615.2847	-75	-76	102400	4096	-15.025789	0.19278716	0.15681863	0.17327972	6.6736515E-4	0.0023666413	0.038064048	0.37689698	-0.34416282	0.7210598	1.1259258	1.9318135	2.1750784	2.4033942	1.6334375	0.0051530255	2.5643423E-4	25.772
2020-05-23 10:15:22	5	3612.275	-69	-70	102400	4096	-9.8734255	0.19582084	0.42523608	0.47584647	-0.1098041	0.2144582	0.31149712	0.8787479	-1.3414574	2.2202053	1.1728978	1.5744804	1.8467047	2.0664942	2.210215	0.0066067544	8.6808275E-4	26.576
2020-05-23 10:21:12	5	3604.9192	-51	-52	102400	4096	-13.845762	0.18666762	0.15225191	0.16800411	7.028768E-4	0.0021041022	0.035798684	0.39019352	-0.34995788	0.7401514	1.1261951	2.0622747	2.3225236	2.5628152	1.641847	0.0039650956	1.899888E-4	28.656
2020-05-23 10:28:05	5	3569.159	-53	-54	102400	4096	-14.070613	0.18299213	0.14891583	0.16507998	7.8999664E-4	0.0019715973	0.034504753	0.37977856	-0.34179145	0.72157	1.1252396	2.0445182	2.300573	2.55029	1.6560003	0.0041929283	2.0420134E-4	28.036
2020-05-23 10:34:05	5	3595.88	-55	-55	102400	4096	-14.272104	0.1891543	0.15421842	0.17030983	7.578402E-4	0.002226601	0.03673705	0.41608167	-0.3431518	0.7592335	1.1254144	2.170833	2.4430869	2.6980023	1.6498094	0.0044702683	2.1155881E-4	27.252
2020-05-23 10:40:17	5	3602.8318	-53	-54	102400	4096	-14.454145	0.1936308	0.15789929	0.17414726	9.086163E-4	0.002451696	0.038521003	0.39082718	-0.34934807	0.74017525	1.1270213	1.9912966	2.2442338	2.4751675	1.6522336	0.004731709	2.2438537E-4	26.64
2020-05-23 10:46:51	5	3603.0906	-53	-53	102400	4096	-14.566516	0.1835224	0.15047973	0.16546525	6.7061075E-4	0.0019827827	0.034643725	0.38937962	-0.3507918	0.74017143	1.1248782	2.0919964	2.353241	2.5875885	1.6520604	0.0045158947	2.2615273E-4	26.236
2020-05-23 10:52:45	5	3596.0896	-55	-55	102400	4096	-14.621818	0.18895304	0.15468617	0.17034194	6.710116E-4	0.0022896708	0.03691485	0.40520486	-0.37300768	0.77821255	1.1279218	2.1089878	2.3787735	2.6195288	1.6802378	0.004844442	3.0107054E-4	26.184
2020-05-23 10:59:08	5	3599.0823	-53	-54	102400	4096	-14.714056	0.17876475	0.14510399	0.16052637	5.707234E-4	0.001802953	0.03290878	0.36523366	-0.3370235	0.70225716	1.1300808	2.0133297	2.2752252	2.5170476	1.6647953	0.004571193	2.215222E-4	26.036
2020-05-23 11:06:13	5	3562.113	-55	-55	102400	4096	-14.745991	0.17231359	0.14062586	0.1552842	4.3689195E-4	0.0015636755	0.030692192	0.35099575	-0.4086354	0.75963116	1.1282016	2.0034933	2.2603443	2.4959545	1.659934	0.0044690548	2.3379848E-4	26.78
2020-05-23 11:11:50	5	3588.121	-55	-120	102400	4096	-14.769751	0.17859085	0.1445706	0.16046864	4.942343E-4	0.0017964332	0.032844104	0.38055235	-0.34080595	0.7213583	1.1293759	2.0998375	2.371506	2.6322942	1.6653144	0.0047275014	2.362235E-4	25.996
2020-05-23 11:18:16	5	3596.4766	-55	-55	102400	4096	-14.840245	0.18880035	0.15439267	0.17022265	4.9764133E-4	0.0022310354	0.036742687	0.39594874	-0.363279	0.75922775	1.126077	2.0656345	2.3260636	2.5645564	1.6525879	0.0048494656	2.2722759E-4	25.988
2020-05-23 11:25:54	5	3597.1973	-53	-54	102400	4096	-14.876449	0.18896972	0.15536284	0.17061403	5.0442055E-4	0.0021843393	0.036646124	0.37536895	-0.34588826	0.7212572	1.1220165	1.9608498	2.200106	2.4160793	1.6265374	0.004996313	2.3158106E-4	25.96
2020-05-23 11:31:31	5	3588.5906	-53	-54	102400	4096	-14.861083	0.19138883	0.15620355	0.17219922	5.6106347E-4	0.002310736	0.037524812	0.415039	-0.38224512	0.7972841	1.1249367	2.1425436	2.4102259	2.6570396	1.6410177	0.005010407	2.5683895E-4	25.956
2020-05-23 11:37:27	5	3591.249	-55	-55	102400	4096	-14.89217	0.1927585	0.15882967	0.17415269	6.402843E-4	0.0023410043	0.038049664	0.38976994	-0.3695179	0.75928783	1.1200702	1.9981724	2.2380931	2.4540122	1.6169648	0.005007485	2.3128853E-4	25.9
2020-05-23 11:44:53	5	3537.2688	-53	-54	102400	4096	-14.842352	0.18796857	0.1537891	0.16928385	4.4271068E-4	0.0021769186	0.036300912	0.38474047	-0.33719003	0.7219305	1.1254942	2.0193384	2.2727535	2.5017407	1.6519886	0.0050330753	2.5213807E-4	26.752
2020-05-23 11:50:02	5	3583.7988	-55	-55	102400	4096	-14.899258	0.19526269	0.15999943	0.17605354	6.5592764E-4	0.0024667503	0.03900473	0.37621176	-0.36417902	0.7403908	1.1217959	1.9049067	2.1369166	2.351332	1.6214019	0.0052702664	2.4413009E-4	25.988
2020-05-23 11:56:35	5	3585.077	-53	-53	102400	4096	-14.917374	0.19453935	0.15944006	0.17535189	5.707888E-4	0.0024357925	0.038724	0.39461344	-0.36474687	0.7593603	1.1222243	2.005311	2.250409	2.4749959	1.6243507	0.005160142	2.6179067E-4	25.96
2020-05-23 12:02:50	5	3584.0986	-55	-55	102400	4096	-14.917302	0.19203646	0.15738483	0.17303108	5.4835464E-4	0.0023166358	0.037727874	0.39432213	-0.38403347	0.7783556	1.1225536	2.030112	2.2789094	2.5054648	1.6275452	0.0049858643	2.3278843E-4	25.984
2020-05-23 12:08:54	5	3587.1619	-55	-55	102400	4096	-14.936903	0.18269858	0.15035751	0.1650471	4.5801216E-4	0.0019073931	0.034243397	0.37664187	-0.34472787	0.72136974	1.1211935	2.0353549	2.2820268	2.5049753	1.6266214	0.0048720883	2.534019E-4	25.836
2020-05-23 12:15:18	5	3588.238	-55	-56	102400	4096	-14.951435	0.17807972	0.14700337	0.16110143	4.9492466E-4	0.0017357713	0.032611962	0.3724315	-0.36790875	0.74034023	1.1209573	2.0623288	2.3117826	2.5334895	1.6320693	0.0047280723	2.4222539E-4	25.892
2020-05-23 12:22:17	5	3550.2417	-55	-56	102400	4096	-14.926357	0.17984688	0.14824578	0.16260424	5.068459E-4	0.0018080593	0.033226486	0.3767327	-0.40203297	0.7787657	1.1210121	2.066765	2.3168688	2.541271	1.637736	0.004774388	2.2506314E-4	26.008
2020-05-23 12:27:55	5	3578.3171	-53	-54	102400	4096	-14.906989	0.18253973	0.14901459	0.16453221	4.7396612E-4	0.0019245287	0.034261648	0.36372817	-0.35773885	0.721467	1.1250017	1.9650463	2.2106805	2.4408896	1.6394866	0.004845604	2.3999646E-4	25.912
2020-05-23 12:40:49	5	3584.8838	-53	-54	102400	4096	-14.925394	0.19366223	0.15928875	0.17491609	6.2354945E-4	0.002404011	0.038444985	0.38360697	-0.37575525	0.7593622	1.12096	1.9564404	2.1930914	2.408249	1.6265112	0.005135855	2.7028983E-4	25.884
2020-05-23 12:46:58	5	3585.3655	-53	-54	102400	4096	-14.929265	0.19691111	0.16171151	0.17750613	5.357398E-4	0.0025565862	0.039659828	0.3875854	-0.3717711	0.7593565	1.1219203	1.9462203	2.1835043	2.3967707	1.6253945	0.0052476246	2.554442E-4	25.84
2020-05-23 12:53:24	5	3587.6323	-55	-55	102400	4096	-14.952422	0.20167957	0.16537069	0.18179266	7.024397E-4	0.0027868939	0.04156908	0.39226663	-0.36706412	0.75933075	1.1215248	1.9239606	2.1577694	2.3720446	1.6127965	0.00530217	2.4662734E-4	25.792
2020-05-23 13:06:02	5	3544.565	-53	-54	102400	4096	-14.734577	0.18083872	0.14715283	0.16239609	4.483186E-4	0.0018856701	0.03361771	0.37361223	-0.3482353	0.72184753	1.1290379	2.037685	2.3006234	2.5389402	1.6685125	0.0047284774	2.1842726E-4	26.276
2020-05-23 13:13:22	5	3582.1865	-51	-51	102400	4096	-14.894854	0.19504733	0.15986893	0.17577866	4.793512E-4	0.002448642	0.038900394	0.3904314	-0.3499775	0.7404089	1.1220465	1.9795558	2.2211537	2.4421968	1.6181446	0.0052919947	2.5068547E-4	25.952
2020-05-23 13:18:50	5	3581.4165	-53	-53	102400	4096	-14.907958	0.18728928	0.15304399	0.16867113	6.5101235E-4	0.002136534	0.03603049	0.38437846	-0.35603997	0.74041843	1.1253674	2.0249949	2.2788632	2.5115554	1.6457711	0.0049928534	2.4154742E-4	25.904
2020-05-23 13:25:26	5	3584.4128	-53	-54	102400	4096	-14.931436	0.18156607	0.14938055	0.16393833	5.3127646E-4	0.0018690886	0.033855624	0.351574	-0.35084146	0.70241547	1.122367	1.9107388	2.1445503	2.3535461	1.630678	0.0048479354	2.3527446E-4	25.836
2020-05-23 13:31:39	5	3585.3708	-53	-53	102400	4096	-14.944762	0.1784251	0.14608228	0.16087978	5.508116E-4	0.0017667047	0.032755807	0.36511642	-0.33728856	0.702405	1.1249746	2.0173776	2.2694986	2.4993887	1.646597	0.0048664436	2.3167001E-4	25.732
2020-05-23 13:38:36	5	3551.77	-53	-54	102400	4096	-14.933474	0.18480952	0.15127435	0.16649957	6.1787746E-4	0.0020204042	0.03503811	0.3652043	-0.3755546	0.7407589	1.1242353	1.9510372	2.193425	2.4141853	1.6457237	0.0048900703	2.471954E-4	26.004
2020-05-23 13:44:21	5	3574.8108	-53	-53	102400	4096	-14.909448	0.18535662	0.15216166	0.16716743	5.9305347E-4	0.0020298767	0.035216514	0.3653977	-0.33712173	0.7025194	1.1225909	1.9471196	2.1858187	2.4013784	1.6367295	0.0050890082	2.5210163E-4	25.884
2020-05-23 13:50:45	5	3585.1418	-55	-55	102400	4096	-14.951864	0.19243057	0.15855375	0.1738008	6.923601E-4	0.0023425657	0.037961427	0.39115095	-0.3682084	0.75935936	1.1210358	2.007581	2.2505703	2.4669929	1.6255739	0.005247863	2.6355573E-4	25.608
2020-05-23 13:57:11	5	3588.1099	-53	-54	102400	4096	-14.976533	0.19855426	0.16152751	0.1786278	6.031478E-4	0.002639289	0.040331665	0.37851712	-0.38080695	0.7593241	1.1242788	1.8847878	2.119027	2.34336	1.6225371	0.0054114256	2.755293E-4	25.58
2020-05-23 14:03:33	5	3584.7715	-55	-55	102400	4096	-14.967792	0.18463112	0.1522257	0.16695678	5.627073E-4	0.001980687	0.034993276	0.38801023	-0.33338526	0.7213955	1.120439	2.0742013	2.324016	2.5489142	1.6175086	0.0049922117	2.3319233E-4	25.608
2020-05-23 14:09:59	5	3583.97	-55	-55	102400	4096	-14.965965	0.20040205	0.16413105	0.18030325	5.9553114E-4	0.0027642439	0.041056126	0.4049882	-0.39235315	0.79734135	1.1237907	1.9987265	2.2461505	2.4674685	1.6399114	0.005479148	2.629297E-4	25.656
2020-05-23 14:16:57	5	3550.2996	-120	-54	102400	4096	-14.96135	0.19762488	0.16176267	0.17787287	5.8322237E-4	0.0026132804	0.03998514	0.4117384	-0.36702633	0.7787647	1.1241897	2.0590744	2.3147902	2.545324	1.6345146	0.0053007104	2.588E-4	26.0
2020-05-23 14:23:20	5	3583.9946	-53	-53	102400	4096	-14.977615	0.18101418	0.14812359	0.16323712	6.059084E-4	0.0018689081	0.0336908	0.3596919	-0.34272835	0.70242023	1.1244411	1.9596342	2.203493	2.4283228	1.6465137	0.0048661795	2.3281001E-4	25.612
2020-05-23 14:28:58	5	3580.134	-53	-54	102400	4096	-14.970883	0.19821231	0.16317977	0.17893717	6.421436E-4	0.0026082525	0.040198795	0.40904504	-0.388344	0.79738903	1.1204848	2.0401618	2.2859702	2.506714	1.6140743	0.0054989285	2.6829093E-4	25.456
2020-05-23 14:35:23	5	3584.0107	-53	-54	102400	4096	-14.998937	0.19580156	0.16039157	0.17671147	5.742634E-4	0.0024933552	0.039308753	0.38101625	-0.3783555	0.75937176	1.1219665	1.9217588	2.156149	2.3755379	1.6136363	0.0054089534	2.8336476E-4	25.444
2020-05-23 14:42:10	5	3586.9626	-53	-53	102400	4096	-15.02667	0.19159853	0.15645944	0.17235565	6.891196E-4	0.0023376949	0.037676364	0.39043102	-0.36890736	0.7593384	1.1261829	2.0114527	2.2652638	2.4954138	1.6468343	0.0052132416	2.3849959E-4	25.108
2020-05-23 14:48:10	5	3584.4417	-53	-54	102400	4096	-15.031114	0.19888626	0.16241358	0.17890555	6.488722E-4	0.0026689656	0.04047547	0.41329047	-0.3650613	0.7783518	1.1245328	2.054279	2.3101041	2.5446792	1.629143	0.005482736	2.5095794E-4	25.228
2020-05-23 14:55:11	5	3548.433	-53	-53	102400	4096	-15.018714	0.19152749	0.15738124	0.17291595	6.416163E-4	0.0022939472	0.03764409	0.39269546	-0.40508744	0.7977829	1.1220529	2.0239859	2.2710192	2.4951859	1.6187875	0.005410386	2.523639E-4	25.92
2020-05-23 15:01:18	5	3577.1848	-53	-53	102400	4096	-15.00417	0.19645315	0.16073634	0.17708461	5.926803E-4	0.0025613855	0.03964216	0.40369514	-0.35575673	0.75945187	1.1243404	2.0275655	2.2796738	2.5115364	1.6298978	0.0054738	2.955409E-4	25.256
2020-05-23 15:07:45	5	3583.9583	-53	-53	102400	4096	-15.019399	0.1992601	0.16228689	0.17918265	6.3433347E-4	0.0026937425	0.040650107	0.40146604	-0.35790762	0.75937366	1.1252134	1.9912142	2.240541	2.4738047	1.6301693	0.0056007337	2.7092476E-4	25.364
2020-05-23 15:13:28	5	3584.0405	-53	-54	102400	4096	-15.012389	0.19567078	0.16023347	0.17652112	6.415015E-4	0.002508131	0.039300464	0.37549147	-0.36489645	0.7403879	1.123058	1.8940927	2.1271758	2.3434021	1.6238836	0.0053225495	2.494254E-4	25.452
2020-05-23 15:19:51	5	3587.297	-53	-54	102400	4096	-15.025018	0.1983087	0.1625833	0.1787724	6.7754305E-4	0.002635457	0.040301982	0.36986905	-0.35149783	0.7213669	1.1229559	1.8424037	2.068938	2.274951	1.6225687	0.005571097	2.9136322E-4	25.208
2020-05-23 15:26:50	5	3588.0042	-53	-53	102400	4096	-15.025687	0.20368151	0.16679224	0.18350475	6.0939847E-4	0.0029015276	0.042438764	0.38968307	-0.3696429	0.759326	1.1226233	1.8916038	2.1235585	2.336338	1.6110212	0.0055856947	2.612069E-4	25.352
2020-05-23 15:33:54	5	3543.679	-53	-54	102400	4096	-14.942986	0.1830004	0.15079212	0.16539162	5.5359694E-4	0.0019354286	0.03440407	0.37286216	-0.34899586	0.721858	1.1214796	2.010219	2.2544198	2.47269	1.6351496	0.0050697685	2.481184E-4	26.008
2020-05-23 15:38:59	5	3571.2554	-55	-55	102400	4096	-14.925763	0.19320147	0.15799809	0.17426594	6.1555015E-4	0.002426978	0.038402844	0.38091055	-0.35962328	0.7405338	1.1245252	1.9437541	2.1858003	2.4108555	1.6456561	0.0052868654	2.5201336E-4	25.352
2020-05-23 15:45:16	5	3577.8228	-55	-55	102400	4096	-14.933399	0.1890725	0.15544641	0.17067589	5.288049E-4	0.0021813412	0.036650896	0.39002705	-0.36941814	0.7594452	1.121683	2.037288	2.2851913	2.5090773	1.6238817	0.0051687974	2.5756986E-4	25.444
2020-05-23 15:51:45	5	3585.3123	-55	-55	102400	4096	-14.967565	0.18447724	0.1519386	0.16666554	5.378645E-4	0.00198687	0.03494335	0.3689214	-0.35246837	0.7213898	1.121596	1.9735656	2.2135432	2.428095	1.6271981	0.005128827	2.5166426E-4	25.264
2020-05-23 15:58:36	5	3586.9465	-53	-54	102400	4096	-14.980114	0.19765095	0.1613916	0.17808187	6.9808617E-4	0.0026457685	0.040133953	0.41980466	-0.3585166	0.77832127	1.1249578	2.0955174	2.3573687	2.6011555	1.6425855	0.005305637	2.493814E-4	25.284
2020-05-23 16:04:28	5	3584.6057	-55	-55	102400	4096	-14.970546	0.1987846	0.16322179	0.17927466	6.044875E-4	0.0026496581	0.040438853	0.40971163	-0.36863825	0.7783499	1.1217098	2.0374122	2.2853851	2.5101526	1.6202879	0.0053933235	2.6631888E-4	25.472
2020-05-23 16:11:53	5	3541.2026	-53	-54	102400	4096	-14.907923	0.18691765	0.15393485	0.16893129	6.1390636E-4	0.0021139388	0.035908867	0.3752227	-0.3656592	0.7408819	1.1217363	1.9801052	2.2211556	2.4375424	1.6394153	0.0052926163	2.747946E-4	26.044
2020-05-23 16:17:16	5	3576.5862	-55	-56	102400	4096	-14.900185	0.19239035	0.15767744	0.17352748	5.2329776E-4	0.0023225558	0.037878457	0.39450708	-0.36495242	0.7594595	1.1215738	2.0270228	2.2734559	2.5019882	1.6187564	0.005302233	2.6073662E-4	25.752
2020-05-23 16:23:40	5	3585.4587	-55	-55	102400	4096	-14.920114	0.18039055	0.14811511	0.16298006	4.6844673E-4	0.0018260772	0.03344735	0.35947	-0.342934	0.702404	1.1221383	1.9655396	2.2056072	2.4269636	1.6322838	0.004920624	2.3610622E-4	25.536
2020-05-23 16:30:37	5	3588.1443	-53	-53	102400	4096	-14.9251	0.19122677	0.15676557	0.17244618	5.266335E-4	0.0022670608	0.037421748	0.36505866	-0.37528253	0.7403412	1.1217821	1.8871248	2.1169426	2.3286917	1.6188812	0.0050700414	2.401032E-4	25.652
2020-05-23 16:36:28	5	3584.8652	-53	-54	102400	4096	-14.8966675	0.19717695	0.16169243	0.17766139	5.4721104E-4	0.0025719265	0.03976279	0.3738604	-0.366518	0.7403784	1.1223941	1.8748693	2.1043425	2.31217	1.62669	0.00529346	2.49308E-4	25.716
2020-05-23 16:42:52	5	3587.8623	-55	-56	102400	4096	-14.895347	0.18285519	0.15043946	0.16511932	4.992767E-4	0.0019083351	0.034273338	0.3732076	-0.32916972	0.7023773	1.1211928	2.0159154	2.2602298	2.4807825	1.6245829	0.004924077	2.3046206E-4	25.728
2020-05-23 16:50:08	5	3546.39	-55	-56	102400	4096	-14.844309	0.18202095	0.14982244	0.16434918	5.2364764E-4	0.0019154313	0.03406638	0.36978456	-0.46601465	0.8357992	1.1230406	2.0034838	2.2499933	2.468152	1.6504967	0.0048860274	2.7299055E-4	26.032
2020-05-23 16:55:35	5	3570.7898	-55	-55	102400	4096	-14.766548	0.18509848	0.15033987	0.16624808	5.332592E-4	0.0020498591	0.03519865	0.3734959	-0.36704364	0.74053955	1.1285125	1.9907781	2.2466178	2.4843435	1.6545199	0.00499127	2.5422403E-4	25.84
2020-05-23 17:02:09	5	3582.7686	-53	-53	102400	4096	-14.784209	0.1922906	0.1570732	0.17298838	6.240337E-4	0.0023587826	0.037903648	0.37484103	-0.3655612	0.7404022	1.1254431	1.9253365	2.1668568	2.3864098	1.6418215	0.005109143	2.5969528E-4	25.992
2020-05-23 17:14:42	5	3587.9275	-55	-55	102400	4096	-14.7758665	0.18113144	0.14883271	0.16458817	4.7882937E-4	0.0021137604	0.034863774	0.44357362	-0.3916858	0.83525944	1.1344584	2.3756285	2.695052	2.9803505	1.7390298	0.0048335446	2.3608636E-4	25.956
2020-05-23 17:21:06	5	3589.1318	-55	-55	102400	4096	-14.751951	0.1809313	0.14662783	0.16254252	5.2309455E-4	0.0018720794	0.033639915	0.40094215	-0.3393876	0.74032974	1.1283932	2.1860206	2.4666908	2.7344205	1.6543007	0.004820464	2.2789332E-4	25.98
2020-05-23 17:33:40	5	3590.6729	-55	-55	102400	4096	-14.728394	0.18050401	0.14695746	0.16232415	5.531619E-4	0.001862536	0.033505525	0.39670604	-0.34360558	0.7403116	1.127652	2.167258	2.4439127	2.6994617	1.6590973	0.004662873	2.1699448E-4	25.956
2020-05-23 17:40:06	5	3590.807	-55	-56	102400	4096	-14.706532	0.19416772	0.15801759	0.17450541	6.2651344E-4	0.002442024	0.038635854	0.3748729	-0.3844197	0.7592926	1.1263838	1.9071672	2.148202	2.3723493	1.6359456	0.0050103576	2.533974E-4	25.988
2020-05-23 17:46:26	5	3592.0637	-55	-55	102400	4096	-14.683823	0.18899567	0.15421553	0.1700446	5.797617E-4	0.002248864	0.036793474	0.39040455	-0.4068376	0.79724216	1.128035	2.0353048	2.295895	2.5315514	1.6611987	0.0048450693	2.4488696E-4	26.0
2020-05-23 17:52:51	5	3593.0286	-55	-55	102400	4096	-14.671417	0.19137046	0.15505446	0.17175522	6.0111267E-4	0.002333025	0.03755046	0.37821066	-0.36207426	0.7402849	1.1282301	1.9517587	2.202033	2.4392116	1.6545842	0.00502487	2.3813576E-4	26.028
2020-05-23 17:59:18	5	3592.8413	-55	-55	102400	4096	-14.650665	0.1822464	0.14983314	0.16470538	6.2738016E-4	0.0019592096	0.034301847	0.37639993	-0.3449059	0.72130585	1.124478	2.0323138	2.2852921	2.5121274	1.6651216	0.004664421	2.3417325E-4	26.056
2020-05-23 18:06:14	5	3551.0293	-55	-55	102400	4096	-14.567243	0.19455707	0.15823011	0.1749366	8.31555E-4	0.0025064703	0.038853657	0.4166726	-0.4190656	0.8357382	1.12677	2.1138735	2.381849	2.6333332	1.6603467	0.004874348	2.3965335E-4	26.916
2020-05-23 18:12:00	5	3581.1724	-55	-55	102400	4096	-14.492663	0.19516844	0.16013026	0.17605989	8.433727E-4	0.0024800876	0.039085194	0.4056872	-0.35371888	0.7594061	1.1229119	2.052037	2.304257	2.5334826	1.6234632	0.0049135718	2.360507E-4	26.104
2020-05-23 18:18:22	5	3588.615	-55	-56	102400	4096	-14.468418	0.18864702	0.15380615	0.16976812	8.62421E-4	0.0022078154	0.036570005	0.3830561	-0.33829647	0.7213526	1.1264355	2.0030873	2.2563488	2.4905124	1.6508694	0.0046393983	2.1253218E-4	26.184
2020-05-23 18:24:57	5	3591.3716	-53	-53	102400	4096	-14.457587	0.197494	0.16085267	0.17741987	8.583938E-4	0.0026444597	0.04000556	0.4107856	-0.34850034	0.7592859	1.1273478	2.0537853	2.3153303	2.5538	1.652328	0.0047808522	2.1819331E-4	26.68
2020-05-23 18:31:08	5	3586.2102	-55	-55	102400	4096	-14.35862	0.1817564	0.14986865	0.1642902	7.9598086E-4	0.001920392	0.034051973	0.38663974	-0.37270722	0.75934696	1.1232061	2.0952477	2.353395	2.5798573	1.6561716	0.004429514	2.21395E-4	26.916
2020-05-23 18:37:30	5	3586.4226	-53	-53	102400	4096	-14.359555	0.18824418	0.1550935	0.16997178	8.647166E-4	0.002176996	0.036388535	0.38762078	-0.35274044	0.7403612	1.122291	2.0320048	2.2805007	2.4992716	1.644101	0.0046091685	2.35379E-4	26.868
2020-05-23 18:49:47	5	3585.5833	-55	-56	102400	4096	-14.384509	0.17765522	0.14609383	0.16047092	7.678222E-4	0.0017512586	0.032523062	0.35544184	-0.32797644	0.6834183	1.1238267	1.9709374	2.2149923	2.4329696	1.655646	0.0044429675	2.1782395E-4	26.768
2020-05-23 18:56:09	5	3589.1252	-55	-55	102400	4096	-14.419049	0.18055712	0.14850776	0.16321023	8.166523E-4	0.001857588	0.033614263	0.37176347	-0.3495834	0.72134686	1.1233482	2.0277057	2.2778196	2.503327	1.6440015	0.004567122	2.1865926E-4	26.292
2020-05-23 19:02:32	5	3591.7837	-55	-56	102400	4096	-14.457037	0.18823273	0.15348265	0.1694593	8.3893666E-4	0.0022018743	0.036486097	0.37236005	-0.34895724	0.7213173	1.1271931	1.9493929	2.1973422	2.4260726	1.6540083	0.0047586984	2.2182072E-4	26.404
2020-05-23 19:08:58	5	3592.3887	-55	-56	102400	4096	-14.479838	0.18334483	0.1500499	0.1653283	7.734892E-4	0.0019835264	0.03461613	0.37630993	-0.34500068	0.7213106	1.1253614	2.0225835	2.2761376	2.5078988	1.6553162	0.004729928	2.3916118E-4	26.28
2020-05-23 19:15:21	5	3592.2717	-55	-56	102400	4096	-14.5018215	0.17956594	0.14559513	0.16151963	6.7223766E-4	0.0018309391	0.033174336	0.3792857	-0.34202683	0.7213125	1.1276538	2.0824056	2.3482327	2.6050713	1.6636784	0.004554006	2.2669049E-4	26.248
2020-05-23 19:27:55	5	3595.6672	-55	-55	102400	4096	-14.563399	0.188084	0.15484467	0.16991551	6.473269E-4	0.002176896	0.036374282	0.38465562	-0.3366197	0.7212753	1.1224427	2.016856	2.2638054	2.4841387	1.645314	0.004805451	2.4009265E-4	26.032
2020-05-23 19:34:22	5	3594.262	-55	-55	102400	4096	-14.58204	0.17896166	0.14684859	0.16144319	6.0429476E-4	0.0018047665	0.03298098	0.38400987	-0.33727977	0.72128963	1.1248952	2.114514	2.3786068	2.6150055	1.6591816	0.004588379	2.213451E-4	26.044
2020-05-23 19:40:26	5	3588.6443	-55	-55	102400	4096	-14.568114	0.18594372	0.15241513	0.16752619	7.520953E-4	0.0020877148	0.03553068	0.36886093	-0.35249165	0.7213526	1.1251724	1.9568652	2.2018106	2.420107	1.6537284	0.00473233	2.3029555E-4	26.016
2020-05-23 19:47:13	5	3592.271	-55	-55	102400	4096	-14.601602	0.19177365	0.15675767	0.17265728	6.789958E-4	0.0023558713	0.03776877	0.3841561	-0.37511933	0.75927544	1.1255934	1.9767025	2.2249632	2.4506369	1.6515278	0.0049570417	2.359045E-4	26.028
2020-05-23 19:53:12	5	3588.7498	-55	-55	102400	4096	-14.607525	0.195823	0.15983966	0.17614034	7.1894785E-4	0.0025416953	0.03931841	0.3893119	-0.35102165	0.74033356	1.1257427	1.963359	2.210237	2.43564	1.6441128	0.005070927	2.44845E-4	26.004
2020-05-23 20:01:52	5	3534.9048	-55	-55	102400	4096	-14.485839	0.17771736	0.14580502	0.16049881	8.4092596E-4	0.0017907264	0.032707788	0.38866517	-0.35229114	0.7409563	1.126818	2.1490674	2.4216077	2.6656504	1.6738898	0.0046335785	2.3134069E-4	26.852
2020-05-23 20:06:29	5	3566.6133	-53	-53	102400	4096	-14.521562	0.19029586	0.15604316	0.17158495	8.338659E-4	0.0022954284	0.03726357	0.39342797	-0.34716022	0.7405882	1.1250272	2.0380883	2.2929049	2.5212765	1.653084	0.0050736372	2.5368787E-4	25.996
2020-05-23 20:12:15	5	3583.6384	-53	-54	102400	4096	-14.603807	0.18262069	0.14951205	0.1647069	6.7137025E-4	0.0019326076	0.034292325	0.36549178	-0.33693132	0.7024231	1.1243116	1.9736909	2.2190435	2.4445639	1.6434247	0.0048388853	2.356016E-4	26.0
2020-05-23 20:18:40	5	3585.7004	-55	-55	102400	4096	-14.648871	0.20119326	0.16398507	0.18063402	8.061471E-4	0.00285047	0.041448195	0.44897434	-0.36732987	0.8163042	1.1270761	2.2053053	2.485547	2.7378976	1.6592249	0.005338771	2.6514975E-4	25.996
2020-05-23 20:25:36	5	3588.2046	-53	-54	102400	4096	-14.685169	0.19354647	0.15735506	0.17365028	6.453206E-4	0.0024448615	0.03841425	0.39090487	-0.34943536	0.74034023	1.1286798	1.994458	2.251104	2.484222	1.6567976	0.0050974656	2.3783138E-4	25.96
2020-05-23 20:31:31	5	3584.6772	-55	-55	102400	4096	-14.678078	0.19293402	0.15705414	0.17340077	6.6950405E-4	0.0024044858	0.03817144	0.40202162	-0.3573425	0.7593641	1.1267258	2.0576909	2.3184536	2.5597646	1.6502326	0.005077628	2.3917256E-4	25.98
2020-05-23 20:38:23	5	3550.618	-55	-55	102400	4096	-14.678742	0.18206531	0.14856075	0.16385108	6.0087297E-4	0.0019264075	0.03409285	0.37612703	-0.3266575	0.70278454	1.1268922	2.0370555	2.295542	2.5318065	1.6573776	0.0049242717	2.3710057E-4	26.112
2020-05-23 20:44:11	5	3571.36	-55	-55	102400	4096	-14.6346035	0.18959355	0.15512462	0.17072065	7.680723E-4	0.0022538323	0.036918126	0.39358446	-0.34694842	0.7405329	1.1254696	2.048416	2.3054297	2.5372148	1.653645	0.0050543556	2.4305261E-4	25.884
2020-05-23 20:50:37	5	3585.259	-55	-55	102400	4096	-14.702099	0.19258499	0.15682325	0.17306858	6.734299E-4	0.002381345	0.038060185	0.40718612	-0.35217133	0.75935745	1.1272421	2.0871685	2.3527443	2.596465	1.6439193	0.0051763235	2.6406304E-4	25.928
2020-05-23 20:57:00	5	3588.3318	-55	-55	102400	4096	-14.733521	0.19668205	0.1598181	0.17676318	6.154011E-4	0.0025640265	0.039636	0.40131825	-0.3769868	0.77830505	1.1262975	2.015784	2.2703724	2.5110939	1.6320853	0.0052428707	2.3641645E-4	25.892
2020-05-23 21:03:26	5	3585.2407	-53	-53	102400	4096	-14.732261	0.19947219	0.16151291	0.17901693	5.279787E-4	0.002698822	0.040654123	0.3803925	-0.35998112	0.7403736	1.1263106	1.8865992	2.1248968	2.3551831	1.6329205	0.005444973	2.5048837E-4	25.88
2020-05-23 21:09:47	5	3588.1555	-55	-55	102400	4096	-14.7392845	0.17886496	0.1450588	0.16062859	4.6827417E-4	0.0018094585	0.032961376	0.36907682	-0.35228148	0.7213583	1.1302638	2.032891	2.2977033	2.5443256	1.6654744	0.0049008266	2.3400265E-4	25.816
2020-05-23 21:17:28	5	3551.5283	-53	-54	102400	4096	-14.718606	0.19405062	0.15787219	0.17455202	6.197027E-4	0.0024368768	0.038608935	0.39720273	-0.36255336	0.7597561	1.1256906	2.0214746	2.275555	2.5159767	1.6347746	0.0053049875	2.9379418E-4	26.008
2020-05-23 21:28:49	5	3586.8274	-55	-55	102400	4096	-14.720162	0.17863522	0.14547652	0.1605767	4.2167702E-4	0.0017843489	0.032848407	0.38762736	-0.33374524	0.7213726	1.1286899	2.1387365	2.41397	2.6645355	1.6536788	0.0048154294	2.3467478E-4	25.724
2020-05-23 21:34:54	5	3588.6091	-53	-54	102400	4096	-14.737963	0.18836726	0.15248148	0.1687837	5.1500014E-4	0.0021978386	0.036405116	0.36785504	-0.35349753	0.7213526	1.1304483	1.9279488	2.1794465	2.4124572	1.6583302	0.0050927848	2.4581666E-4	25.804
2020-05-23 21:41:19	5	3589.8662	-51	-52	102400	4096	-14.750349	0.18622291	0.15080984	0.16778688	5.618519E-4	0.0021955688	0.03609678	0.39950144	-0.3787855	0.77828693	1.1323384	2.102733	2.3810053	2.6490412	1.6850393	0.0050617345	2.5170273E-4	25.764
2020-05-23 21:47:43	5	3590.195	-53	-54	102400	4096	-14.7562895	0.19556874	0.15865676	0.17530473	5.392353E-4	0.0025117442	0.039127804	0.36755016	-0.35378525	0.7213354	1.1283637	1.8581204	2.0966356	2.3166373	1.6406063	0.005282729	2.4479988E-4	25.612
2020-05-23 22:00:35	5	3587.61	-53	-54	102400	4096	-14.758216	0.19218494	0.15688626	0.17288733	5.25875E-4	0.0023427242	0.037856333	0.38788664	-0.35246027	0.7403469	1.1253979	1.9935887	2.2435806	2.4724066	1.6347227	0.0052110716	2.7797697E-4	25.704
2020-05-23 22:06:40	5	3586.893	-53	-53	102400	4096	-14.751922	0.18972518	0.15345666	0.17027643	5.4962304E-4	0.0022412373	0.036926832	0.38143528	-0.35892022	0.7403555	1.1285388	1.9849511	2.2400944	2.4856222	1.6436287	0.005201789	2.4327544E-4	25.644
2020-05-23 22:13:08	5	3590.1846	-55	-56	102400	4096	-14.768217	0.19533668	0.15892331	0.17582595	6.910354E-4	0.002504972	0.039103433	0.43642196	-0.37982598	0.81624794	1.1246684	2.2069838	2.4821248	2.7461166	1.6382232	0.005244418	2.4205998E-4	25.424
2020-05-23 22:19:25	5	3590.2832	-55	-56	102400	4096	-14.773079	0.19445269	0.15783168	0.17452873	6.1211543E-4	0.0024657208	0.038737386	0.3843583	-0.35595906	0.74031734	1.127712	1.95286	2.2022636	2.4352417	1.6431727	0.0052430863	2.530952E-4	25.468
2020-05-23 22:25:49	5	3590.8293	-55	-56	102400	4096	-14.782483	0.19614854	0.15944394	0.17601281	5.857095E-4	0.0025336673	0.039357793	0.3938828	-0.3464269	0.7403097	1.1271224	1.9854167	2.2378075	2.470353	1.6356415	0.0052692113	2.565033E-4	25.356
2020-05-23 22:32:49	5	3551.4927	-55	-55	102400	4096	-14.766383	0.19888294	0.16172533	0.17866898	6.8950554E-4	0.0027175855	0.040621396	0.42597643	-0.352774	0.7787504	1.1280499	2.1135287	2.3841655	2.63395	1.6469239	0.0054378323	2.5826905E-4	26.0
2020-05-23 22:38:29	5	3583.2476	-53	-54	102400	4096	-14.759026	0.1930404	0.15691698	0.17329192	6.012244E-4	0.0024086952	0.03821394	0.38773197	-0.35266453	0.7403965	1.1280609	1.9834476	2.2374496	2.470937	1.6494466	0.0052052382	2.3458627E-4	25.824
2020-05-23 22:45:04	5	3589.289	-55	-55	102400	4096	-14.779987	0.19732444	0.16070017	0.17729238	6.0728774E-4	0.002602431	0.039865598	0.41003004	-0.38724646	0.7972765	1.1261833	2.0536032	2.3127334	2.551522	1.637505	0.0054247696	2.5805223E-4	25.46
2020-05-23 23:04:46	5	3596.0544	-55	-55	102400	4096	-14.8279915	0.19098827	0.15606797	0.17185643	5.7471957E-4	0.0022786765	0.03733636	0.38360104	-0.37563053	0.75923157	1.1243466	1.9852436	2.2321017	2.45791	1.6346271	0.0051166173	2.3566157E-4	25.524
2020-05-23 23:23:57	5	3599.9392	-55	-55	102400	4096	-14.87476	0.17815523	0.14603654	0.16069563	4.6845607E-4	0.0017468338	0.032649104	0.35530818	-0.34693944	0.7022476	1.1244278	1.9663898	2.2110634	2.433009	1.6387365	0.004782242	2.2013077E-4	25.08
2020-05-23 23:43:15	5	3603.4053	-55	-55	102400	4096	-14.909289	0.18571904	0.15291354	0.16770248	5.429438E-4	0.002046931	0.035368707	0.3906061	-0.36854154	0.75914764	1.1214247	2.0769663	2.3291612	2.5544248	1.6363074	0.0051247864	2.534973E-4	24.988
2020-05-24 00:02:32	5	3605.7014	-55	-55	102400	4096	-14.933621	0.19415636	0.15952118	0.17530204	5.437935E-4	0.0023965617	0.038574938	0.377489	-0.36265287	0.74014187	1.1203808	1.9219925	2.1533635	2.3663878	1.6105647	0.0053715413	2.4774505E-4	24.992
2020-05-24 00:21:44	5	3606.9421	-55	-55	102400	4096	-14.961713	0.19769849	0.16301969	0.17863321	6.438637E-4	0.0025805035	0.040006533	0.40585536	-0.3722275	0.77808285	1.119704	2.0291111	2.272004	2.4896095	1.6122879	0.0054701776	2.6336717E-4	24.82
2020-05-24 00:41:01	5	3607.8762	-55	-55	102400	4096	-14.97484	0.1891642	0.15505578	0.170628	5.927014E-4	0.0021746468	0.03663148	0.381234	-0.35888404	0.740118	1.1217005	1.9918855	2.234299	2.4586892	1.6206149	0.0053664227	2.6502003E-4	24.572
2020-05-24 01:00:16	5	3608.9392	-55	-55	102400	4096	-15.005037	0.18109077	0.14865883	0.16345818	6.000498E-4	0.0018617639	0.033719387	0.3926901	-0.32843837	0.72112846	1.1233968	2.1385043	2.4023886	2.6415524	1.6374396	0.0051898775	2.591976E-4	24.548
2020-05-24 01:19:31	5	3609.2085	-53	-53	102400	4096	-15.025231	0.19811547	0.16214892	0.17845373	7.171894E-4	0.0026146097	0.040181234	0.39396685	-0.40306646	0.7970333	1.1232748	1.9653867	2.2076695	2.4296606	1.6194229	0.0056480663	2.7157113E-4	24.62
2020-05-24 01:38:49	5	3609.6953	-55	-55	102400	4096	-15.058864	0.19876772	0.16226274	0.1788023	6.777144E-4	0.00266331	0.040459476	0.3897529	-0.35034415	0.74009705	1.1249598	1.9376674	2.179798	2.4019864	1.6269763	0.0058170874	2.8664476E-4	24.364
2020-05-24 01:58:04	5	3609.8708	-55	-55	102400	4096	-15.086783	0.2012332	0.16351032	0.18116209	6.607441E-4	0.002781323	0.041450232	0.3987348	-0.36033654	0.75907135	1.1238184	1.9584868	2.2009835	2.438591	1.618816	0.005959684	2.9566357E-4	24.152
2020-05-24 02:17:20	5	3609.9937	-55	-120	102400	4096	-15.119075	0.19330871	0.15878694	0.17440717	5.3865596E-4	0.0023935754	0.038307615	0.39310095	-0.40392378	0.7970247	1.1222205	2.0084524	2.2539265	2.4756503	1.6310862	0.0056250845	2.6982883E-4	24.096
2020-05-24 02:37:07	5	3610.1165	-53	-54	102400	4096	-15.15585	0.1865941	0.1536828	0.16861291	5.5866933E-4	0.0020775949	0.035734758	0.3919507	-0.34814158	0.7400923	1.1211264	2.0734138	2.3245592	2.5503876	1.6269686	0.00548824	2.6795265E-4	24.044
2020-05-24 02:56:27	5	3607.289	-53	-53	102400	4096	-15.181419	0.19409934	0.15883294	0.17520162	6.7810604E-4	0.0024125515	0.038598012	0.37893036	-0.36119434	0.7401247	1.1213582	1.9287544	2.1628246	2.3857167	1.6193721	0.005730168	2.8702052E-4	24.0
2020-05-24 03:15:11	5	3605.154	-55	-55	102400	4096	-15.191689	0.20160991	0.16590609	0.18200254	7.290996E-4	0.002788474	0.041585162	0.40769738	-0.35142928	0.75912666	1.1204481	1.9992573	2.2400641	2.4573984	1.6124632	0.006082401	3.3585704E-4	24.004
2020-05-24 03:34:23	5	3606.4075	-55	-55	102400	4096	-15.22145	0.19191036	0.15730698	0.17324352	7.2100805E-4	0.0023046746	0.037754945	0.3997851	-0.35932726	0.75911236	1.1215792	2.0574992	2.3076484	2.5414329	1.6168209	0.0057674376	2.849747E-4	23.996
2020-05-24 04:12:54	5	3608.1646	-55	-55	102400	4096	-15.304782	0.20280416	0.1660365	0.18269189	9.355937E-4	0.002862484	0.042089183	0.4265818	-0.37046486	0.79704666	1.1229644	2.0792997	2.3349795	2.5692048	1.6158539	0.006447835	3.3461343E-4	23.936
2020-05-24 04:32:09	5	3608.182	-55	-55	102400	4096	-15.346436	0.19433197	0.15935995	0.17535123	7.916134E-4	0.0024301081	0.0387465	0.39232898	-0.3477862	0.74011517	1.1225544	1.9931232	2.2373893	2.4619045	1.6186787	0.006087434	3.105801E-4	23.912
2020-05-24 04:51:28	5	3609.0098	-55	-55	102400	4096	-15.360674	0.21000065	0.17250639	0.18954921	8.5558393E-4	0.0032324123	0.04504003	0.42573276	-0.3713034	0.7970362	1.1196373	2.0060313	2.2460275	2.4679246	1.5934169	0.006746867	3.3189054E-4	23.888
2020-05-24 05:10:46	5	3609.32	-55	-55	102400	4096	-15.355422	0.18750004	0.15343632	0.16904318	6.9307256E-4	0.00212134	0.036077023	0.4015742	-0.33852762	0.7401018	1.1236154	2.1142213	2.3755717	2.6172044	1.6298547	0.005863922	3.035136E-4	23.872
2020-05-24 05:30:02	5	3609.086	-55	-55	102400	4096	-15.359169	0.19343662	0.1587451	0.1744934	7.7742175E-4	0.002402171	0.038381264	0.3862915	-0.37279034	0.75908184	1.1227437	1.9717666	2.2137887	2.4334075	1.6306672	0.0059959493	2.9942289E-4	23.772
2020-05-24 05:49:20	5	3609.1555	-55	-55	102400	4096	-15.368299	0.1998893	0.16347174	0.18020496	8.386128E-4	0.0027152514	0.040953454	0.39543635	-0.36364454	0.7590809	1.1229968	1.9540305	2.19437	2.418989	1.6189334	0.006329973	3.0905113E-4	23.708
2020-05-24 06:08:42	5	3609.2852	-55	-55	102400	4096	-15.364084	0.19717993	0.16240144	0.17820834	7.895758E-4	0.0025433325	0.03984045	0.39125204	-0.36782694	0.759079	1.1200415	1.9601735	2.1954756	2.409166	1.6023401	0.0061228382	3.1155866E-4	23.84
2020-05-24 06:30:15	5	3526.1482	-53	-54	102400	4096	-15.258326	0.19239502	0.15716082	0.17374645	7.041053E-4	0.0023592478	0.038040776	0.418131	-0.37993324	0.79806423	1.1225579	2.143817	2.4065585	2.6605296	1.6303275	0.006248513	3.5193865E-4	24.676
2020-05-24 06:47:11	5	3600.2805	-53	-54	102400	4096	-15.311031	0.20019425	0.16395068	0.18038452	8.573894E-4	0.0027412255	0.04105095	0.43104392	-0.3660981	0.797142	1.1232135	2.1274529	2.3895838	2.6291072	1.626666	0.0060905204	2.9928167E-4	23.944
2020-05-24 07:06:26	5	3602.8262	-55	-55	102400	4096	-15.3006935	0.20182514	0.16558166	0.18216284	9.0013974E-4	0.0028012614	0.04170233	0.38332534	-0.3568499	0.74017525	1.1210381	1.8770998	2.1043005	2.315023	1.6107681	0.006183649	3.0142162E-4	23.988
2020-05-24 07:25:45	5	3604.6313	-53	-54	102400	4096	-15.274492	0.1931038	0.15901265	0.17457421	6.39493E-4	0.002383143	0.03827605	0.39549124	-0.34466302	0.74015427	1.1206847	2.021498	2.265462	2.4871683	1.6266565	0.005857671	3.0484985E-4	24.0
2020-05-24 07:45:00	5	3605.661	-53	-54	102400	4096	-15.238702	0.20281748	0.16571812	0.18267891	7.569576E-4	0.0028767386	0.04207367	0.39788997	-0.36123097	0.75912094	1.1228372	1.9398038	2.178084	2.4010048	1.6250982	0.006096128	2.9669126E-4	24.004
2020-05-24 08:04:18	5	3606.3955	-53	-54	102400	4096	-15.193792	0.19491573	0.16030213	0.1760383	6.3996756E-4	0.0024474135	0.038932636	0.37212428	-0.36800995	0.74013424	1.1208558	1.885954	2.1138825	2.3213933	1.6146549	0.0057331324	2.6869227E-4	24.0
2020-05-24 08:23:35	5	3606.7893	-55	-55	102400	4096	-15.151497	0.20102905	0.16555077	0.18140326	6.159679E-4	0.002770562	0.041331522	0.40582857	-0.3722562	0.77808475	1.1207161	1.9961902	2.2371624	2.4513845	1.6218289	0.005838678	2.844699E-4	24.008
2020-05-24 08:42:52	5	3607.718	-53	-54	102400	4096	-15.10301	0.19706652	0.16118568	0.17742607	6.557546E-4	0.0025846967	0.03976307	0.395505	-0.3635921	0.7590971	1.1238867	1.983408	2.2291257	2.453723	1.6347442	0.005715707	2.7861155E-4	24.032
2020-05-24 09:02:09	5	3608.0173	-53	-54	102400	4096	-15.056365	0.20148325	0.16466385	0.18126512	7.355103E-4	0.002796973	0.041512348	0.38688082	-0.3532353	0.7401161	1.1240209	1.8988408	2.1343367	2.3495188	1.6230568	0.005829817	3.0080113E-4	24.092
2020-05-24 09:21:24	5	3608.5288	-53	-54	102400	4096	-15.017042	0.1930077	0.15757732	0.17364885	6.997853E-4	0.0023896666	0.038199745	0.42358145	-0.35448328	0.7780647	1.1255332	2.1672385	2.439299	2.6880863	1.6376324	0.005434837	2.5915046E-4	24.124
2020-05-24 09:40:39	5	3608.8567	-53	-54	102400	4096	-14.978471	0.1821545	0.15003888	0.16469978	6.067265E-4	0.0019022841	0.034134176	0.3850827	-0.3550239	0.7401066	1.1217645	2.0842955	2.3380888	2.5665526	1.632663	0.005290035	2.67833E-4	24.32
2020-05-24 09:59:55	5	3608.6812	-55	-55	102400	4096	-14.948428	0.191153	0.15713856	0.17247267	5.721322E-4	0.0022825568	0.0374458	0.41193327	-0.3661305	0.7780638	1.12197	2.1287534	2.3883975	2.6214652	1.6278539	0.005408084	2.6793242E-4	24.384
2020-05-24 10:07:00	5	3602.5017	-53	-53	102400	4096	-14.918883	0.18096958	0.14872451	0.16366072	5.185663E-4	0.0018342817	0.033629734	0.36204103	-0.35915896	0.7212	1.1205139	1.9742223	2.2121437	2.4343064	1.6218815	0.0052177883	2.5673647E-4	24.528
2020-05-24 10:13:26	5	3597.5247	-53	-54	102400	4096	-14.894844	0.19338448	0.15866062	0.17444026	6.111057E-4	0.002385431	0.038307004	0.3748573	-0.36537707	0.7402344	1.1219987	1.9152563	2.148915	2.362636	1.625588	0.0054703634	2.592801E-4	24.608
2020-05-24 10:19:50	5	3596.735	-55	-55	102400	4096	-14.882416	0.20371926	0.16624323	0.18330948	7.378391E-4	0.002917117	0.042404477	0.400215	-0.37798992	0.7782049	1.1233652	1.9435133	2.183275	2.4074063	1.6222973	0.0057267547	2.9164006E-4	24.66
2020-05-24 10:26:14	5	3590.484	-53	-54	102400	4096	-14.847174	0.19847971	0.16284502	0.17898485	5.5546226E-4	0.0026308158	0.040305797	0.38256833	-0.35774615	0.7403145	1.1216761	1.9055715	2.137434	2.3492787	1.6194046	0.00562628	2.9097468E-4	24.796
2020-05-24 10:32:38	5	3591.954	-55	-55	102400	4096	-14.831385	0.1955982	0.16338025	0.18171215	5.0760864E-4	0.0040485687	0.043791845	0.7087799	-0.6769051	1.385685	1.1516292	3.3869965	3.9005642	4.3382225	2.1111305	0.006654569	7.748635E-4	24.884
2020-05-24 10:40:31	5	3537.4163	-53	-53	102400	4096	-14.745559	0.18353042	0.1488939	0.16492261	5.032398E-4	0.0020065205	0.034716945	0.3639745	-0.35795408	0.7219286	1.1297714	1.9534405	2.2069411	2.4445226	1.6647943	0.0052414406	2.8005554E-4	25.856
2020-05-24 10:45:21	5	3569.882	-55	-56	102400	4096	-14.687371	0.19103971	0.15646243	0.1722045	5.9330836E-4	0.0023092288	0.03752073	0.42703623	-0.35149008	0.7785263	1.124841	2.2045963	2.4798203	2.7293212	1.6403043	0.00540202	2.5722702E-4	24.98
2020-05-24 10:51:45	5	3584.313	-55	-55	102400	4096	-14.738024	0.20098317	0.16287397	0.18024166	5.785961E-4	0.0027931754	0.041318297	0.38595054	-0.37341836	0.7593689	1.1277583	1.8987179	2.1412947	2.369627	1.6361133	0.005607099	2.7196674E-4	24.948
2020-05-24 10:58:24	5	3586.552	-53	-54	102400	4096	-14.735658	0.1912364	0.15556553	0.17177661	6.105244E-4	0.0023096902	0.037484765	0.403063	-0.3372963	0.7403593	1.1271024	2.0818312	2.346437	2.590953	1.6437818	0.0053000334	2.4064287E-4	24.8
2020-05-24 11:10:50	5	3585.0356	-53	-54	102400	4096	-14.71171	0.19743975	0.16069008	0.17770782	6.5220427E-4	0.002623828	0.040007703	0.39776522	-0.3615951	0.7593603	1.1255512	1.9886346	2.23831	2.4753563	1.6392612	0.0055604125	2.7123682E-4	24.952
2020-05-24 11:23:31	5	3584.5825	-53	-54	102400	4096	-14.682424	0.18940096	0.15457037	0.17029482	6.836911E-4	0.002245675	0.03683594	0.38736266	-0.35301858	0.74038124	1.1270273	2.0182822	2.2746592	2.5060601	1.6550207	0.005363877	2.7143446E-4	25.024
2020-05-24 11:30:09	5	3584.7244	-53	-53	102400	4096	-14.672385	0.1847014	0.15060759	0.16623545	6.574328E-4	0.002048242	0.035105582	0.39633954	-0.34404075	0.7403803	1.1271052	2.1153357	2.384206	2.631604	1.6619918	0.0051920577	2.6901937E-4	24.996
2020-05-24 11:35:57	5	3583.8975	-53	-54	102400	4096	-14.649792	0.1906125	0.15603422	0.17165044	7.366438E-4	0.0023148851	0.03733637	0.39254835	-0.3668253	0.75937366	1.1256961	2.031548	2.2869055	2.5157838	1.6606007	0.005285189	2.515635E-4	25.232
2020-05-24 11:42:22	5	3585.6292	-55	-55	102400	4096	-14.645244	0.20256741	0.16604319	0.18235521	7.394247E-4	0.0028807095	0.041966073	0.38838083	-0.35198897	0.7403698	1.1233912	1.8958703	2.129804	2.339035	1.6356968	0.0056152134	2.6698227E-4	25.112
2020-05-24 11:48:49	5	3585.7468	-55	-55	102400	4096	-14.6180725	0.17819914	0.14587168	0.1609368	6.242107E-4	0.0017760191	0.03274341	0.3802185	-0.32218266	0.70240116	1.1243631	2.101219	2.362533	2.606527	1.656532	0.004931256	2.5034894E-4	25.1
2020-05-24 11:56:19	5	3540.8328	-53	-54	102400	4096	-14.53437	0.18784243	0.15403587	0.1696506	9.084297E-4	0.0021974018	0.036396295	0.38152796	-0.35935873	0.7408867	1.1245356	1.9998518	2.2489045	2.4768775	1.6588044	0.0052085794	2.753359E-4	26.0
2020-05-24 12:01:54	5	3575.3809	-53	-53	102400	4096	-14.527331	0.19279978	0.15741114	0.17360014	9.131937E-4	0.0024008171	0.03815684	0.38213357	-0.33936682	0.7215004	1.1252166	1.9562709	2.2012284	2.4276145	1.6489757	0.0053039724	2.8474367E-4	25.688
2020-05-24 12:07:24	5	3580.4563	-53	-54	102400	4096	-14.522965	0.19942683	0.1634046	0.17993961	8.9383894E-4	0.002712526	0.04077775	0.39786303	-0.36155164	0.7594147	1.1222377	1.9702529	2.211092	2.4348338	1.6312758	0.00542805	2.6900292E-4	25.556
2020-05-24 12:13:54	5	3584.2588	-55	-55	102400	4096	-14.530758	0.20253496	0.16587438	0.18222278	9.489935E-4	0.002897097	0.041970216	0.38749874	-0.4098388	0.79733753	1.124263	1.891471	2.1265109	2.3360977	1.6446772	0.005399731	2.507934E-4	25.496
2020-05-24 12:20:12	5	3584.5422	-53	-54	102400	4096	-14.237798	0.1981483	0.16154744	0.17873722	8.93082E-4	0.0026441626	0.040297545	0.39834723	-0.3610188	0.75936604	1.1231152	1.9843693	2.2286751	2.465822	1.6282871	0.005417733	2.6844567E-4	25.536
2020-05-24 12:26:37	5	3582.521	-53	-53	102400	4096	-14.208698	0.20435548	0.16744591	0.1840178	9.590963E-4	0.0029883562	0.042772338	0.40678596	-0.3526039	0.7593899	1.1238844	1.9669099	2.2105794	2.4293575	1.633452	0.005495202	2.6052046E-4	25.772
2020-05-24 12:39:26	5	3584.2715	-53	-53	102400	4096	-14.191287	0.1940664	0.15960063	0.1751657	9.380216E-4	0.0024294734	0.038623493	0.3897465	-0.33165377	0.72140026	1.1219583	1.983154	2.225016	2.442011	1.6285799	0.005261289	2.5671392E-4	25.776
2020-05-24 12:46:21	5	3585.9517	-51	-51	102400	4096	-14.186442	0.1919664	0.15759274	0.17316538	9.405714E-4	0.0023763415	0.03791643	0.40424356	-0.39307395	0.7973175	1.1244824	2.0760098	2.3344362	2.5651152	1.6529282	0.0051534814	2.4222271E-4	25.644
2020-05-24 12:52:09	5	3583.9697	-53	-54	102400	4096	-14.159776	0.18598934	0.15184578	0.16760164	7.4696564E-4	0.0020937272	0.035623543	0.39613998	-0.3252641	0.7214041	1.1261346	2.0988438	2.3635807	2.6088312	1.6498555	0.0049770684	2.4420113E-4	25.88
2020-05-24 12:58:33	5	3586.5295	-53	-54	102400	4096	-14.1605425	0.19623907	0.15993184	0.17656733	9.2500454E-4	0.0025689593	0.039477147	0.41643402	-0.36189297	0.778327	1.125285	2.0959134	2.3584998	2.6038218	1.6484116	0.0051437747	2.3161515E-4	25.688
2020-05-24 13:04:56	5	3584.2417	-53	-53	102400	4096	-14.143192	0.19893172	0.16098307	0.17881967	9.707068E-4	0.00270098	0.040579576	0.4175836	-0.36077008	0.7783537	1.126519	2.072954	2.335222	2.5939598	1.640236	0.0052646264	2.5026547E-4	25.88
2020-05-24 13:13:20	5	3531.5586	-51	-52	102400	4096	-14.036441	0.18259645	0.14988633	0.16490912	7.778125E-4	0.001952465	0.034381356	0.37551734	-0.34647897	0.7219963	1.1243896	2.0252028	2.277117	2.5053475	1.6517233	0.0048285956	2.3030459E-4	26.284
2020-05-24 13:17:30	5	3568.3662	-51	-52	102400	4096	-14.01037	0.20316207	0.16577625	0.18282484	0.0010708543	0.002955339	0.0423631	0.41431168	-0.40221187	0.81652355	1.1257933	2.0129514	2.2661674	2.499222	1.6467658	0.0053686933	2.598345E-4	25.972
2020-05-24 13:23:52	5	3583.147	-120	-54	102400	4096	-14.06423	0.20489793	0.16718069	0.18440002	9.869362E-4	0.0030127068	0.04299436	0.4143278	-0.38302404	0.79735184	1.124462	1.9981971	2.2468967	2.4783232	1.6297983	0.005398996	2.6234254E-4	25.968
2020-05-24 13:30:18	5	3584.9182	-53	-53	102400	4096	-14.066664	0.19216831	0.15674314	0.17311743	9.421222E-4	0.0023800526	0.0379658	0.37916684	-0.3422277	0.72139454	1.125526	1.9459608	2.1902292	2.419033	1.6512065	0.0050392556	2.4925097E-4	25.96
2020-05-24 13:36:43	5	3585.999	-51	-52	102400	4096	-14.06294	0.20139058	0.1647841	0.1814205	0.0010100703	0.0028478852	0.041627634	0.41363746	-0.36469525	0.7783327	1.1246166	2.0273514	2.2799928	2.5101783	1.6434596	0.005200052	2.48302E-4	25.964
2020-05-24 13:43:04	5	3588.281	-53	-54	102400	4096	-14.061278	0.18624392	0.15216202	0.16773881	9.050085E-4	0.002132728	0.035750788	0.3934722	-0.34686708	0.7403393	1.1272215	2.080996	2.3457432	2.5858765	1.668646	0.004864835	2.3429575E-4	25.844
2020-05-24 13:50:06	5	3534.9233	-53	-53	102400	4096	-14.017254	0.18475324	0.15192297	0.16712861	7.714543E-4	0.0020135157	0.03515534	0.37605786	-0.32690024	0.7029581	1.121876	2.005668	2.2501109	2.4753194	1.6291924	0.004962589	2.4847567E-4	26.332
2020-05-24 13:55:49	5	3577.9998	-53	-54	102400	4096	-14.016565	0.19550009	0.15977097	0.17595561	9.484892E-4	0.002538472	0.039224457	0.38456488	-0.37487745	0.7594423	1.1255773	1.9417403	2.1855788	2.4069757	1.6499034	0.0050806208	2.484351E-4	25.976
2020-05-24 14:02:11	5	3584.9963	-55	-55	102400	4096	-14.0358305	0.1889765	0.15485878	0.1703892	8.058125E-4	0.0022264812	0.036741402	0.38631767	-0.35405976	0.7403774	1.1249566	2.0154252	2.267266	2.4946449	1.64933	0.004975305	2.509619E-4	25.984
2020-05-24 14:08:40	5	3584.1768	-53	-54	102400	4096	-14.031665	0.19588731	0.1611799	0.17705832	0.001000923	0.0025301038	0.03941805	0.4009637	-0.3584071	0.7593708	1.1213242	2.0195634	2.2645855	2.487678	1.6283513	0.005165012	2.5424676E-4	26.004
2020-05-24 14:15:02	5	3585.183	-51	-52	102400	4096	-14.0431595	0.1928558	0.15766269	0.1736028	9.039268E-4	0.0024088519	0.03818584	0.4126694	-0.4036415	0.8163109	1.1256268	2.1117918	2.3770895	2.6174195	1.6519827	0.0051884893	2.744849E-4	25.96
2020-05-24 14:21:23	5	3586.6702	-55	-55	102400	4096	-14.053683	0.20319642	0.16652323	0.1830012	0.0010257517	0.0029337148	0.042299386	0.40452132	-0.35481992	0.75934124	1.1238623	1.9668642	2.2104845	2.4292185	1.6396446	0.0054253684	2.6087672E-4	25.932
2020-05-24 14:28:19	5	3548.0266	-55	-55	102400	4096	-14.01185	0.19391595	0.15947017	0.17520703	8.788546E-4	0.0024408237	0.03867173	0.41146627	-0.3863214	0.79778767	1.1223938	2.092365	2.3484576	2.5802083	1.6321093	0.0051658535	2.3629764E-4	26.2
2020-05-24 14:34:07	5	3573.438	-53	-54	102400	4096	-13.97673	0.19358751	0.15778668	0.17430542	8.190367E-4	0.0024244261	0.038456228	0.4007287	-0.358768	0.7594967	1.1250516	2.0434647	2.2990031	2.5396867	1.639365	0.005036319	2.275527E-4	25.98
2020-05-24 14:40:32	5	3584.1294	-53	-53	102400	4096	-14.009883	0.19884603	0.16187821	0.17898142	9.964553E-4	0.0027020487	0.040548302	0.39815578	-0.36121598	0.75937176	1.125067	1.9772732	2.224565	2.459601	1.6434172	0.005250265	2.4312359E-4	26.0
2020-05-24 14:46:58	5	3586.3228	-53	-53	102400	4096	-14.028727	0.19580609	0.16008845	0.17689084	9.237454E-4	0.0025991837	0.039592598	0.43644273	-0.41782057	0.8542633	1.1248683	2.1934123	2.4672997	2.72626	1.6580935	0.0051238546	2.543111E-4	25.952
2020-05-24 14:53:18	5	3586.9175	-53	-54	102400	4096	-14.025168	0.18740645	0.15357065	0.16906834	8.491501E-4	0.0021716794	0.03619016	0.4330094	-0.36429572	0.7973051	1.1252084	2.2761562	2.56115	2.81961	1.6581154	0.00495308	2.3433198E-4	25.964
2020-05-24 15:07:07	5	3534.3403	-53	-54	102400	4096	-13.945992	0.1883538	0.15491712	0.17054549	7.2152464E-4	0.0021778613	0.036565132	0.3996662	-0.3412968	0.740963	1.1212264	2.0900846	2.343458	2.579871	1.6289058	0.0050183437	2.3911336E-4	26.6
2020-05-24 15:12:15	5	3574.564	-53	-54	102400	4096	-13.950598	0.203295	0.16679363	0.18331808	9.1293635E-4	0.0029006961	0.042303797	0.39381936	-0.34667632	0.7404957	1.121978	1.9147294	2.1482844	2.3611174	1.6208526	0.0053405133	2.3503104E-4	25.992
2020-05-24 15:18:43	5	3585.1775	-55	-56	102400	4096	-13.998528	0.19698851	0.16159497	0.17758675	8.694419E-4	0.0025988915	0.03982194	0.40600514	-0.35335422	0.75935936	1.1237007	2.0345592	2.2862356	2.5124862	1.6388656	0.0051945643	2.3605065E-4	25.984
2020-05-24 15:25:07	5	3587.8274	-53	-53	102400	4096	-13.993421	0.19468828	0.15962675	0.17574938	8.9138944E-4	0.0024724614	0.03893825	0.4014509	-0.357877	0.7593279	1.1227794	2.034437	2.2842238	2.514935	1.6307096	0.0051332363	2.3710902E-4	25.988
2020-05-24 15:31:28	5	3584.5596	-53	-54	102400	4096	-13.976947	0.19130684	0.15746579	0.17289168	7.467375E-4	0.0022926112	0.037578497	0.4222625	-0.3560874	0.7783499	1.1212323	2.1782756	2.4423528	2.6816144	1.6234975	0.005017759	2.2194587E-4	26.0
2020-05-24 15:37:50	5	3587.3398	-55	-120	102400	4096	-13.981799	0.20102228	0.16575086	0.18158647	9.222165E-4	0.0027817981	0.04140355	0.40871146	-0.35062215	0.7593336	1.1205605	2.0086212	2.2507815	2.4658182	1.6227455	0.0052813143	2.4909145E-4	25.996
2020-05-24 15:44:50	5	3544.8364	-120	-54	102400	4096	-13.946657	0.19354296	0.16029158	0.17548366	7.3661935E-4	0.0023920275	0.038495976	0.38358203	-0.33826265	0.7218447	1.1180751	1.9550172	2.185856	2.3930266	1.614119	0.0051692855	2.284342E-4	26.24
2020-05-24 15:50:33	5	3569.969	-53	-54	102400	4096	-13.873398	0.18867964	0.15620252	0.17309757	6.8058586E-4	0.0026831315	0.038841918	0.41059712	-0.40590546	0.8165026	1.138569	2.083366	2.3720558	2.6286201	1.7784457	0.0048952713	2.475642E-4	26.004
2020-05-24 15:57:35	5	3584.5579	-53	-53	102400	4096	-13.944199	0.19773588	0.16299315	0.17870383	7.7408843E-4	0.0026203631	0.040137835	0.40849775	-0.35086828	0.75936604	1.1210967	2.0389788	2.2858925	2.5062268	1.6264982	0.005214772	2.464383E-4	26.004
2020-05-24 16:03:34	5	3584.0764	-53	-54	102400	4096	-13.948515	0.19803433	0.1631077	0.17892009	8.535765E-4	0.0026358494	0.04024098	0.41271403	-0.36564252	0.77835655	1.1211796	2.057382	2.3066947	2.530316	1.6277341	0.005335377	2.5672372E-4	26.008
2020-05-24 16:09:47	5	3585.9224	-55	-55	102400	4096	-13.96002	0.20529553	0.16924436	0.18550351	9.080451E-4	0.003022835	0.04319786	0.4056202	-0.41068116	0.81630135	1.1204152	1.9515895	2.1865904	2.3966541	1.6199068	0.005376723	2.732207E-4	25.996
2020-05-24 16:29:38	5	3595.8958	-53	-54	102400	4096	-13.98224	0.19341327	0.15862487	0.1744288	8.559642E-4	0.0024224177	0.03840668	0.3919529	-0.36728153	0.7592344	1.1235313	2.0000024	2.2470653	2.4709425	1.6422355	0.004942922	2.6971326E-4	25.968
2020-05-24 16:48:50	5	3599.7402	-55	-56	102400	4096	-13.998953	0.20116049	0.16464376	0.18109702	8.565166E-4	0.0028075115	0.041419774	0.4094638	-0.36870584	0.77816963	1.1238091	2.0119243	2.261019	2.486968	1.6364626	0.005144352	2.3422252E-4	25.98
2020-05-24 17:08:08	5	3603.636	-53	-54	102400	4096	-13.979258	0.19979575	0.16375215	0.17999284	9.125224E-4	0.0027367473	0.04090136	0.40955493	-0.36856797	0.7781229	1.123605	2.0250852	2.2753959	2.501066	1.6359092	0.005092887	2.2544456E-4	25.984
2020-05-24 17:27:20	5	3605.843	-55	-55	102400	4096	-13.908765	0.19033523	0.1558242	0.1716533	8.093506E-4	0.0022907169	0.037258305	0.3964522	-0.36266685	0.75911903	1.1244998	2.0539	2.3096101	2.5442274	1.6501571	0.0049024574	2.2167401E-4	26.12
2020-05-24 17:46:32	5	3607.289	-55	-55	102400	4096	-13.889765	0.18934578	0.15553671	0.17107067	7.29204E-4	0.0022201166	0.036843885	0.37774843	-0.34339815	0.7211466	1.1220369	1.9679768	2.2081425	2.4286768	1.635479	0.00484947	2.4484325E-4	26.028
2020-05-24 18:05:50	5	3609.08	-55	-55	102400	4096	-13.930542	0.18611138	0.15280019	0.16814321	7.5188733E-4	0.0020672777	0.035593543	0.38093954	-0.35916418	0.7401037	1.1220347	2.0191586	2.265566	2.493057	1.6317602	0.0046754526	2.1297245E-4	26.004
2020-05-24 18:24:58	5	3609.443	-55	-55	102400	4096	-13.931623	0.18492185	0.15199763	0.16712101	7.368894E-4	0.0020379475	0.035235647	0.38209635	-0.3580045	0.74010086	1.1232078	2.0355499	2.2863455	2.513831	1.641453	0.0046622697	2.2071863E-4	26.004
2020-05-24 18:44:11	5	3610.2742	-53	-54	102400	4096	-13.919268	0.19546157	0.16080266	0.17640322	7.6241145E-4	0.0025168261	0.039227515	0.4078642	-0.37017953	0.77804375	1.1227651	2.0593028	2.312113	2.5364268	1.6355795	0.004970531	2.3797623E-4	26.012
2020-05-24 19:03:33	5	3610.6184	-55	-55	102400	4096	-13.904708	0.19722782	0.16249628	0.17815733	7.5773697E-4	0.0025896349	0.039879683	0.4503045	-0.3656888	0.8159933	1.1209136	2.2549164	2.5275664	2.771168	1.6283026	0.0049757184	2.6353795E-4	26.012
2020-05-24 19:22:43	5	3610.6887	-55	-55	102400	4096	-13.876594	0.19398192	0.15973759	0.17539674	8.0150925E-4	0.0024057669	0.038601544	0.38425207	-0.35583353	0.7400856	1.120162	1.9557524	2.1907594	2.4055207	1.6145226	0.004975884	2.2449167E-4	26.024
2020-05-24 19:41:54	5	3610.9468	-55	-55	102400	4096	-13.923596	0.20023476	0.16474187	0.18081258	8.435879E-4	0.0027362953	0.041064736	0.41233125	-0.40365824	0.8159895	1.1207426	2.0347533	2.2804344	2.502893	1.6226501	0.0051957257	2.3587952E-4	26.024
2020-05-24 20:01:13	5	3611.1995	-53	-54	102400	4096	-13.9470825	0.19333501	0.15796559	0.17446385	7.2999345E-4	0.002406243	0.038408205	0.37893978	-0.3611401	0.7400799	1.1233279	1.9335624	2.1720245	2.3988755	1.631141	0.005016838	2.461745E-4	25.996
2020-05-24 20:20:23	5	3611.0354	-55	-55	102400	4096	-13.935349	0.19305149	0.15915968	0.17452551	8.258734E-4	0.0023834335	0.038279817	0.38614973	-0.35393205	0.7400818	1.1210526	1.973653	2.2125688	2.4261782	1.6265347	0.0049591865	2.4702022E-4	26.0
2020-05-24 22:54:55	5	3617.4985	-53	-53	102400	4096	-14.075559	0.18115115	0.14881341	0.16366765	7.5746456E-4	0.0018910526	0.033833932	0.37588805	-0.34514695	0.721035	1.1238631	2.043536	2.2966547	2.5259018	1.6519564	0.0046544885	2.3361943E-4	25.968
2020-05-24 23:14:51	5	3614.1497	-53	-54	102400	4096	-14.103559	0.19799903	0.161513	0.1781862	9.695936E-4	0.002649404	0.040227726	0.38421866	-0.374805	0.75902367	1.1256119	1.9156481	2.1562762	2.3788714	1.6371831	0.0050655156	2.2206432E-4	25.944
2020-05-24 23:53:43	5	3608.5693	-51	-52	102400	4096	-14.152344	0.1834853	0.15022644	0.1654399	7.772259E-4	0.0019745373	0.034619693	0.39388832	-0.34622207	0.7401104	1.1246603	2.1169543	2.3808544	2.621964	1.6474752	0.0049034827	2.4174762E-4	25.892
2020-05-25 00:12:40	5	3605.943	-51	-51	102400	4096	-14.157691	0.18763824	0.15244043	0.16874383	8.687217E-4	0.0021752752	0.03619715	0.3797069	-0.34145495	0.72116184	1.1274811	1.9957738	2.2501972	2.4908543	1.6602196	0.0050326334	2.336604E-4	25.748
2020-05-25 00:50:55	5	3606.7014	-53	-120	102400	4096	-14.209085	0.19486703	0.15960677	0.17557721	6.8509823E-4	0.0024809546	0.038912725	0.4122838	-0.3468257	0.7591095	1.1235119	2.09002	2.3481624	2.5831223	1.6384587	0.005268433	2.614733E-4	25.604
2020-05-25 01:10:10	5	3608.1997	-53	-53	102400	4096	-14.238298	0.1797133	0.14811315	0.16260163	6.1442197E-4	0.0017869733	0.03319644	0.36590162	-0.3742126	0.7401142	1.1205232	2.0082536	2.2502947	2.4704196	1.6215672	0.0048360904	2.3610197E-4	25.448
2020-05-25 01:29:52	5	3608.775	-51	-52	102400	4096	-14.263503	0.19499843	0.16133974	0.17651686	8.190481E-4	0.0024414822	0.038953494	0.4102041	-0.3488806	0.7590847	1.1181164	2.078389	2.3238804	2.5424864	1.6090175	0.005252271	2.3988991E-4	25.424
2020-05-25 01:48:40	5	3605.6482	-53	-53	102400	4096	-14.27031	0.19225563	0.15742058	0.17336148	7.3902693E-4	0.002338477	0.037881184	0.3973755	-0.34276733	0.7401428	1.1226882	2.0416877	2.2921786	2.524292	1.6296186	0.0052200863	2.4735136E-4	25.216
2020-05-25 02:26:59	5	3606.0957	-53	-53	102400	4096	-14.299552	0.19451793	0.16009955	0.17569095	7.836918E-4	0.0024214138	0.038737576	0.38875455	-0.35138255	0.7401371	1.1202549	1.9751917	2.2127182	2.4282053	1.6136304	0.0053414744	2.531444E-4	25.18
2020-05-25 02:46:10	5	3607.0537	-51	-52	102400	4096	-14.303707	0.18695126	0.15468316	0.1693813	7.572291E-4	0.00209629	0.035939835	0.41209173	-0.347013	0.7591047	1.1192383	2.1737313	2.4329233	2.664102	1.6229279	0.005102483	2.298875E-4	25.08
2020-05-25 03:05:27	5	3608.0352	-53	-53	102400	4096	-14.329982	0.19976412	0.1649593	0.18079644	8.350618E-4	0.00266636	0.040823948	0.4006185	-0.3774529	0.7780714	1.1175516	1.9827753	2.2158537	2.42859	1.5998851	0.0055395453	2.6993104E-4	25.064
2020-05-25 03:25:07	5	3608.6687	-51	-52	102400	4096	-14.344901	0.19484101	0.16040319	0.17605342	8.942638E-4	0.0024759672	0.03896451	0.3966941	-0.3434144	0.7401085	1.1212182	2.009653	2.2532597	2.473106	1.6308216	0.005456883	2.7758934E-4	25.04
2020-05-25 03:43:58	5	3605.337	-53	-53	102400	4096	-14.351864	0.19460633	0.16066973	0.17598534	8.997479E-4	0.0024747087	0.038905703	0.40295142	-0.35617334	0.75912476	1.1208051	2.042895	2.2896874	2.5079486	1.6349239	0.0054376717	2.6381752E-4	25.0
2020-05-25 04:03:14	5	3606.519	-53	-53	102400	4096	-14.367531	0.19661482	0.16209497	0.17794503	9.3604205E-4	0.0025371287	0.03963772	0.3998911	-0.3592203	0.7591114	1.1188412	2.008572	2.247273	2.4670174	1.6148243	0.0055819456	2.7883053E-4	24.94
2020-05-25 04:22:26	5	3607.353	-53	-53	102400	4096	-14.381642	0.19724043	0.1620415	0.17799033	9.0667955E-4	0.0025977427	0.039882567	0.39520183	-0.36390004	0.75910187	1.1220059	1.9789162	2.2203557	2.4388928	1.6331645	0.005478522	2.7982472E-4	24.868
2020-05-25 04:41:45	5	3608.1348	-53	-53	102400	4096	-14.382166	0.18945591	0.15625472	0.17151527	8.2437816E-4	0.0021882516	0.036862046	0.37691438	-0.34422266	0.72113705	1.1194042	1.9631476	2.1975558	2.4121792	1.610417	0.0053250426	2.5686662E-4	24.8
2020-05-25 05:01:02	5	3608.6575	-51	-52	102400	4096	-14.390378	0.18128955	0.14941691	0.16408946	7.7119784E-4	0.0018797014	0.03388943	0.38523737	-0.3358949	0.7211323	1.121893	2.0926485	2.3477278	2.5782716	1.6366669	0.0051406613	2.4997455E-4	24.784
2020-05-25 05:20:21	5	3608.47	-51	-51	102400	4096	-14.390121	0.19799492	0.16249843	0.17873706	9.0252224E-4	0.0026143314	0.040192574	0.38494146	-0.3551699	0.74011135	1.1216525	1.9200908	2.1536746	2.3688934	1.618337	0.0055675786	2.7414595E-4	24.732
2020-05-25 05:39:37	5	3607.336	-51	-52	102400	4096	-14.377356	0.18976605	0.1570607	0.17193092	8.769811E-4	0.0022124366	0.036999483	0.40988913	-0.34921274	0.75910187	1.1187778	2.130927	2.384034	2.6097498	1.616142	0.005301832	2.5141868E-4	24.832
2020-05-25 05:58:49	5	3605.9724	-51	-51	102400	4096	-14.364542	0.19571714	0.16036694	0.17654192	8.654498E-4	0.0024999648	0.039248064	0.3967853	-0.34335372	0.740139	1.1221768	2.0028408	2.2475414	2.4742339	1.622921	0.0054847794	2.7200903E-4	24.916
2020-05-25 06:18:05	5	3606.6892	-53	-53	102400	4096	-14.357681	0.1993417	0.16489826	0.18046044	9.692358E-4	0.0026867553	0.040756304	0.4090547	-0.3500548	0.7591095	1.1187044	2.0262077	2.2667277	2.4806488	1.6174785	0.0058445306	2.8527423E-4	24.92
2020-05-25 06:37:51	5	3554.3376	-53	-53	102400	4096	-14.323848	0.19222465	0.15717861	0.1732746	9.0391753E-4	0.0023591795	0.03794075	0.36394262	-0.41477346	0.7787161	1.124134	1.8684435	2.1003807	2.315472	1.6388873	0.0054675704	2.8353726E-4	25.544
2020-05-25 07:15:52	5	3604.8193	-53	-53	102400	4096	-14.369182	0.19744422	0.16257268	0.1784008	9.761438E-4	0.0026059523	0.039980426	0.40118018	-0.3579503	0.7591305	1.1207969	2.0063918	2.2487576	2.4676974	1.6303154	0.005608736	2.5723694E-4	24.924
2020-05-25 07:35:08	5	3605.16	-53	-53	102400	4096	-14.385051	0.19730277	0.16087438	0.17784174	0.0010173748	0.00261505	0.039958898	0.39814255	-0.36098316	0.7591257	1.1240175	1.9917364	2.2387464	2.474866	1.6377704	0.0055870214	2.7831664E-4	24.888
2020-05-25 07:54:24	5	3605.7312	-53	-53	102400	4096	-14.388784	0.19137251	0.1571089	0.17289226	9.968105E-4	0.0023452616	0.03775296	0.40199867	-0.35712132	0.75912	1.1238283	2.0689456	2.3251398	2.558726	1.6454672	0.005478807	2.805573E-4	24.776
2020-05-25 08:13:37	5	3606.3428	-55	-55	102400	4096	-14.397797	0.17918979	0.1476666	0.16201912	7.9277833E-4	0.0018161722	0.033122167	0.39216346	-0.32899362	0.7211571	1.123293	2.154804	2.4204762	2.6557357	1.6554633	0.0050100954	2.6085228E-4	24.716
2020-05-25 08:32:54	5	3606.989	-85	-85	102400	4096	-14.2892475	0.19423881	0.15930621	0.17548636	8.430345E-4	0.0024466338	0.03877861	0.37864032	-0.3614882	0.7401285	1.1221548	1.9227852	2.1576626	2.3768082	1.6269885	0.005244978	2.614789E-4	25.096
2020-05-25 11:07:47	5	3613.392	-87	-87	102400	4096	-5.7108006	0.20354687	0.16785884	0.18422695	8.0632506E-4	0.0028705902	0.042368513	0.41655463	-0.36145288	0.7780075	1.1172966	2.0237198	2.261095	2.481577	1.5991335	0.0060672476	2.9031144E-4	24.076
2020-05-25 13:42:04	5	3615.6313	-99	-100	102400	4096	-3.6836898	0.20708604	0.16964474	0.18663172	9.7253267E-4	0.0031195327	0.04385429	0.4389393	-0.39596727	0.8349066	1.1220716	2.0960345	2.351901	2.587403	1.6220543	0.0066283382	3.6431674E-4	23.472
2020-05-25 18:50:43	5	3613.2217	-53	-53	102400	4096	-13.343885	0.18891037	0.15527084	0.1706537	7.0591504E-4	0.0021853712	0.036626503	0.38338542	-0.3376963	0.72108173	1.1214554	2.0032625	2.2465696	2.4691398	1.6290497	0.0055088494	2.7157684E-4	24.268
2020-05-25 21:25:02	5	3614.7966	-77	-77	102400	4096	-13.667181	0.20082387	0.16638874	0.18191929	6.88872E-4	0.0027391121	0.041320365	0.3844088	-0.37460628	0.7590151	1.1173862	1.8910859	2.1130733	2.3103056	1.6042848	0.006181807	3.10555E-4	23.888
2020-05-26 02:34:36	5	3611.369	-101	-101	102400	4096	-10.470586	0.20263717	0.16828792	0.18404669	6.657946E-4	0.0027844945	0.042055413	0.41310653	-0.36492482	0.77803135	1.1142508	2.014425	2.2445748	2.4547606	1.5743545	0.008738803	5.524407E-4	21.004
2020-05-26 05:09:36	5	3610.924	-83	-83	102400	4096	-10.993955	0.20103256	0.19550295	0.2274414	-0.002131845	0.015341853	0.077561565	0.7086911	-0.80942965	1.5181208	1.2244858	2.544683	3.1159282	3.6249638	2.5502615	0.009938282	7.1281695E-4	20.024
2020-05-26 07:44:52	5	3611.4463	-97	-97	102400	4096	-11.307395	0.20103669	0.34056982	0.39762506	-0.018543212	0.12455806	0.23174267	1.0222116	-1.3118796	2.3340912	1.2106797	2.1234293	2.5707927	3.0014744	2.3193157	0.0104375435	8.7877986E-4	19.84
2020-05-27 04:17:59	5	3615.2378	-103	-102	102400	4096	0.24112852	0.1897301	0.20562607	0.2396402	8.410459E-4	0.018330557	0.08603915	0.8025109	-0.7534606	1.5559715	1.2240195	2.7359169	3.3488157	3.9027684	2.4761872	0.005551137	4.0497497E-4	25.088
2020-06-01 15:14:40	5	3614.5212	-85	-85	102400	4096	-3.8589923	0.18384123	0.15010567	0.16525109	5.6821894E-4	0.0020204207	0.034748185	0.3864815	-0.42946365	0.81594515	1.1280328	2.0733023	2.338753	2.5747294	1.6733145	0.0043497286	2.067664E-4	27.256
2020-06-01 15:34:33	5	3606.9421	-79	-80	102400	4096	-3.8101985	0.1785944	0.14528981	0.16053149	5.8021344E-4	0.001809942	0.03288461	0.37524402	-0.32692873	0.70217276	1.1296296	2.0692713	2.33751	2.582728	1.6737065	0.004304422	2.3615257E-4	27.304
2020-06-01 15:53:44	5	3606.5427	-77	-78	102400	4096	-3.8440075	0.18187578	0.14765675	0.16309805	5.5078714E-4	0.0019344937	0.033990953	0.39005432	-0.33110085	0.72115517	1.130402	2.115648	2.3915327	2.6416285	1.6743284	0.0043553626	1.990961E-4	27.22
2020-06-01 16:12:57	5	3606.037	-77	-77	102400	4096	-3.8858385	0.18201876	0.14754838	0.1631401	5.647873E-4	0.0019499918	0.034056667	0.39390278	-0.32725763	0.7211604	1.1312025	2.1344597	2.414506	2.6696515	1.6812353	0.004427147	2.1027724E-4	27.128
2020-06-01 17:10:28	5	3605.8723	-83	-84	102400	4096	-4.7278514	0.16640958	0.13349429	0.1490948	6.4317504E-4	0.0014416992	0.028845109	0.381899	-0.32028568	0.7021847	1.1391308	2.2486012	2.561451	2.860789	1.7327278	0.0040156497	2.7488405E-4	27.988
2020-06-01 18:07:40	5	3605.761	-83	-83	102400	4096	-3.5350215	0.18576509	0.15054479	0.16678804	7.4844033E-4	0.0021792213	0.035750374	0.403653	-0.35546675	0.75911975	1.1336406	2.1348524	2.4201555	2.6812816	1.7050618	0.003951732	2.5881195E-4	29.368
2020-06-01 23:31:44	5	3607.148	-89	-89	102400	4096	-3.8500369	0.1886997	0.15258348	0.16902949	5.36839E-4	0.0022268896	0.036544625	0.39611557	-0.34401056	0.74012613	1.1309654	2.0720975	2.3434703	2.5960581	1.6674455	0.004507168	2.5788357E-4	27.52
2020-06-02 06:51:33	5	3604.5652	-89	-89	102400	4096	-5.3422027	0.19173913	0.1572242	0.17287415	6.2070554E-4	0.0023026776	0.037685093	0.3698783	-0.3323202	0.7021985	1.1229353	1.9053469	2.1395812	2.3525534	1.6214141	0.005360976	2.5447656E-4	25.04
2020-06-02 13:52:51	5	3603.4587	-81	-81	102400	4096	-5.24821	0.1838555	0.15151224	0.16621616	5.126984E-4	0.0019802288	0.034802582	0.3706952	-0.35049334	0.72118855	1.1223608	1.9870611	2.2301996	2.4466355	1.6349046	0.0051215445	2.6131963E-4	25.216
2020-06-02 16:25:52	5	3602.7537	-87	-89	102400	4096	-6.7471795	0.20587707	0.3625667	0.41974786	-0.09464366	0.18268213	0.2631836	0.8257752	-1.4327092	2.2584844	1.2221962	1.6096536	1.9673125	2.2775815	2.6374147	0.007866533	9.940106E-4	24.552
2020-06-02 17:04:26	5	3602.9158	-85	-86	102400	4096	-3.7544782	0.18405287	0.15315667	0.17133403	6.731235E-4	0.0029972703	0.03931073	0.4711434	-0.42086062	0.892004	1.1572094	2.3762796	2.7498531	3.0762188	1.9395621	0.0050115907	2.5512095E-4	25.788
2020-06-02 17:23:42	5	3601.042	-77	-78	102400	4096	1.6051457	0.19557855	0.7247543	0.82475305	-0.47138074	1.8636096	0.94861555	1.678283	-2.0416708	3.7199538	1.1809219	1.7231381	2.0348916	2.315658	2.0709732	0.006688464	9.201697E-4	27.152
2020-06-02 17:42:44	5	3598.883	-83	-83	102400	4096	-9.403325	4.767408	3.538432	4.18832	2.1510785	2361.3262	27.803652	18.950254	-17.52927	36.479523	1.2589574	3.5938847	4.5245476	5.355552	3.0545855	0.14880353	0.009874433	36.904
2020-06-02 18:01:40	5	3603.7563	-83	-83	102400	4096	-10.520929	3.687555	3.0070932	3.542548	4.0248966	1100.5267	19.48284	16.271437	-16.106005	32.37744	1.245978	3.6863773	4.593145	5.4110184	2.89932	0.12131526	0.009319275	38.608
2020-06-02 18:20:37	5	3606.7305	-83	-84	102400	4096	-10.745601	4.00599	3.117055	3.6731498	6.768459	1251.3345	20.93933	15.945494	-14.931243	30.876736	1.2457839	3.4846294	4.3410954	5.1155643	2.8539598	0.124054	0.008667006	38.876
2020-06-02 18:58:31	5	3609.989	-85	-85	102400	4096	-11.329767	4.249731	3.3067636	3.9061062	-2.373485	1872.8551	24.267555	17.345404	-18.919207	36.26461	1.2611564	3.5210438	4.440587	5.2454324	3.1801832	0.13530885	0.009870886	35.036
2020-06-02 19:17:32	5	3609.2505	-85	-85	102400	4096	-10.862975	5.259153	3.8117745	4.5141363	-10.425819	3283.9443	32.33969	21.395203	-22.802193	44.197395	1.2597758	3.762257	4.7396	5.6129246	3.1399596	0.1602841	0.010349005	36.948
2020-06-02 19:36:32	5	3610.3345	-85	-85	102400	4096	-11.296323	5.130475	3.8106444	4.4750814	-6.9854794	2762.1897	30.900522	23.213673	-21.76104	44.974712	1.2421727	4.1760044	5.187319	6.091797	2.892823	0.15526898	0.009973705	35.52
2020-06-02 20:52:09	5	3610.8472	-83	-84	102400	4096	-11.115522	5.7253437	4.1942787	4.9374986	-0.8305285	4379.022	38.200138	20.319136	-20.85992	41.179058	1.2517728	3.2875533	4.1152697	4.844489	3.000871	0.17073631	0.01098817	34.32
2020-06-02 21:49:50	5	3534.687	-83	-84	102400	4096	-11.226112	4.623125	3.3462973	3.9870303	10.327787	2104.059	25.692951	20.915577	-18.165266	39.080845	1.2713276	4.1263194	5.245904	6.250365	3.1873515	0.14341447	0.00977219	34.028
2020-06-02 22:08:12	5	3607.2888	-83	-84	102400	4096	-11.179418	4.31784	3.2170155	3.8014865	-0.47303	1689.6289	23.03135	17.973381	-17.28691	35.26029	1.2624269	3.7451572	4.7279873	5.5869737	3.1853163	0.12858798	0.007920998	33.796
2020-06-02 22:46:00	5	3610.4146	-83	-83	102400	4096	-11.1580105	4.8450794	3.487574	4.1535964	-5.2267556	2762.1445	28.11849	20.912008	-21.80443	42.71644	1.2766496	3.9436626	5.034675	5.9961476	3.4935133	0.14402801	0.008808668	34.0
2020-06-02 23:05:02	5	3610.5784	-83	-84	102400	4096	-11.093849	4.386198	3.273084	3.8738613	-0.9918672	1633.581	23.575426	14.509637	-17.0105	31.520138	1.2533885	2.9883177	3.745523	4.4330173	2.9391487	0.1370641	0.009936249	34.008
2020-06-02 23:24:00	5	3610.7256	-83	-83	102400	4096	-11.193751	4.4701843	3.372024	3.9795096	3.4207633	1853.755	24.89947	17.342157	-17.954243	35.296402	1.2539074	3.4754262	4.3578625	5.1429515	2.9900064	0.13772321	0.01016436	33.988
2020-06-02 23:43:06	5	3611.173	-83	-84	102400	4096	-11.184076	4.2690816	3.1521568	3.7561412	0.60834056	1723.3424	22.862675	18.015593	-17.109781	35.125374	1.2729801	3.7677755	4.7963033	5.715322	3.296989	0.13027845	0.0092582535	33.908
2020-06-03 00:02:06	5	3610.9128	-83	-84	102400	4096	-11.195448	5.1124306	3.6767247	4.376653	7.652648	3001.3494	30.720465	22.296703	-20.15374	42.450443	1.2664025	4.0227847	5.094465	6.0642843	3.1802483	0.1540694	0.009716702	33.816
2020-06-03 00:21:19	5	3611.1018	-83	-84	102400	4096	-11.110652	4.874758	3.5051336	4.1707087	-9.513703	2567.0645	28.192513	17.543669	-19.707106	37.250774	1.2730839	3.304103	4.2064	5.005136	3.2297525	0.14833237	0.00997062	34.0
2020-06-03 00:59:07	5	3611.631	-83	-84	102400	4096	-11.039731	5.8850813	4.172005	4.9524136	8.931564	4780.935	39.32442	23.772827	-20.650688	44.423515	1.2662349	3.790964	4.8002505	5.6981773	3.0916345	0.17486292	0.010822341	34.004
2020-06-03 01:18:09	5	3611.472	-83	-84	102400	4096	-11.055129	5.0297112	3.7461197	4.37955	-0.47056922	2584.5579	29.693686	17.943542	-17.029861	34.973404	1.2442354	3.292882	4.0971203	4.789901	2.9312851	0.1530244	0.01030265	34.076
2020-06-03 01:37:21	5	3611.696	-83	-84	102400	4096	-11.100119	4.129561	3.166364	3.7190874	2.9339886	1256.3176	21.28723	14.648683	-13.872665	28.521349	1.2405754	3.1749656	3.9387844	4.6263423	2.7724338	0.1277981	0.009299754	34.004
2020-06-03 02:34:04	5	3612.4004	-85	-120	102400	4096	-11.105815	5.103748	3.6863675	4.364385	-10.211294	2887.784	30.287655	20.17638	-20.698093	40.874474	1.2609845	3.6661515	4.6229606	5.473242	3.1479905	0.15375842	0.0104598645	34.008
2020-06-03 03:49:57	5	3612.834	-83	-84	102400	4096	-11.052233	3.9190023	2.954167	3.5102513	-7.436436	1192.968	19.712986	13.803745	-15.419222	29.222967	1.264847	3.1090002	3.9324095	4.6726356	3.0698981	0.12796144	0.010540061	34.068
2020-06-03 04:08:58	5	3612.3596	-83	-84	102400	4096	-11.057375	3.9880219	3.0228124	3.575969	-4.851151	1316.8092	20.400438	15.251091	-15.660957	30.912048	1.2630659	3.3766122	4.2648835	5.0453315	3.164054	0.1198374	0.008695526	33.936
2020-06-03 04:27:56	5	3612.0593	-83	-84	102400	4096	-11.026525	4.541447	3.4126813	4.0048428	-1.7355182	1784.5254	24.889473	16.16907	-18.974808	35.143875	1.2457255	3.240986	4.037379	4.7379365	2.8806555	0.13706678	0.00967457	34.008
2020-06-03 04:46:58	5	3611.9004	-83	-84	102400	4096	-11.006217	4.180486	3.145251	3.7291238	-0.29762825	1559.7622	22.163828	15.370748	-17.742756	33.113503	1.262454	3.2649205	4.121812	4.88697	3.1751838	0.13527508	0.010636266	34.06
2020-06-03 05:06:00	5	3612.4243	-83	-84	102400	4096	-11.110294	4.6718707	3.4744184	4.106577	4.381856	2153.2395	26.631163	19.080244	-15.285419	34.36566	1.2566524	3.6973355	4.646265	5.4916368	3.036072	0.14733362	0.01075954	34.012
2020-06-03 05:43:58	5	3606.6133	-83	-84	102400	4096	-11.0670595	4.9663916	3.669209	4.341596	2.6077585	2835.5999	29.980783	19.89171	-21.422838	41.31455	1.2611654	3.6328766	4.5816584	5.421253	3.1547067	0.15389484	0.010968993	34.024
2020-06-03 06:21:52	5	3610.6516	-83	-84	102400	4096	-11.133475	4.62521	3.3979497	4.0264254	-4.8521132	2518.49	26.316856	20.450977	-22.24633	42.697308	1.274082	3.9865484	5.0791893	6.0186224	3.636405	0.13587083	0.009776345	33.9
