2020-05-23 09:56:58	5	3550.753	-87	-88	6400	4096	-14.3640785	0.020694105	0.024355749	0.02850664	-4.3056134E-5	3.0019191E-5	0.0013378859	0.13747102	-0.5653116	0.70278263	1.2998286	3.7100434	4.822421	5.6442947	15.924666	0.038128648	0.5895061	26.988
2020-05-23 10:02:55	5	3582.4397	-81	-81	6400	4096	-14.500417	0.02107333	0.023552977	0.027819725	-3.7697922E-5	2.496767E-5	0.0012871115	0.12894458	-0.5355223	0.66446686	1.3072965	3.545489	4.6350055	5.4746614	14.271523	0.041355226	0.6591324	26.208
2020-05-23 10:09:26	5	3584.0154	-75	-76	6400	4096	-14.611051	0.020268472	0.024323678	0.028032023	-5.9793045E-5	4.4273922E-5	0.0013078208	0.10703682	-0.6333511	0.7403879	1.3085874	2.9179378	3.8183765	4.40052	24.452274	0.03233708	0.4846718	26.008
2020-05-23 10:21:38	5	3575.5544	-51	-52	6400	4096	-13.354608	0.02080075	0.025022209	0.028687855	-3.5434263E-5	2.6230118E-5	0.0013149357	0.120814025	-0.54372436	0.6645384	1.2816019	3.2859893	4.21133	4.828272	14.354739	0.034397382	0.5128743	29.048
2020-05-23 10:28:33	5	3565.2295	-51	-52	6400	4096	-13.656126	0.022531886	0.023114083	0.027722752	-1.2395796E-4	1.0227197E-4	0.0013487225	0.13536273	-0.7951392	0.93050194	1.342408	3.6372924	4.8827305	5.856288	53.31792	0.031235373	0.31819448	28.116
2020-05-23 10:34:29	5	3565.4648	-53	-54	6400	4096	-13.847337	0.022737818	0.023831533	0.028439881	-3.968169E-5	2.7419E-5	0.0013675367	0.11773547	-0.54690593	0.6646414	1.3178664	3.1412904	4.1398015	4.940323	13.89488	0.06477882	0.9895119	27.988
2020-05-23 10:47:50	5	3551.6467	-53	-53	6400	4096	-14.1118555	0.023908889	0.022710808	0.029048832	-1.2205702E-4	1.0516807E-4	0.0015220806	0.1323683	-0.798331	0.93069935	1.3589851	3.3530545	4.5567513	5.828428	43.302246	0.046067942	0.46402338	27.304
2020-05-23 10:53:12	5	3571.1133	-53	-54	6400	4096	-14.206876	0.022079019	0.024247307	0.028629776	-1.3839452E-4	1.2195916E-4	0.0014352613	0.11770671	-0.831698	0.9494047	1.3402691	3.0675473	4.111339	4.854424	56.256744	0.03674624	0.51384425	27.024
2020-05-23 10:59:34	5	3574.799	-55	-55	6400	4096	-14.292971	0.021113612	0.02356624	0.02781747	-1.3313904E-4	1.15386094E-4	0.0013678201	0.1286582	-0.8206922	0.94935036	1.3467212	3.4343312	4.625087	5.4594283	58.58309	0.029018994	0.3756553	26.804
2020-05-23 11:06:41	5	3555.2124	-55	-56	6400	4096	-14.321991	0.026204715	0.024893383	0.030717406	-2.8764172E-5	2.2037713E-5	0.0015918609	0.13436408	-0.4923983	0.6267624	1.3129071	3.3316905	4.3742003	5.3975825	8.330909	0.045167614	0.43999133	26.772
2020-05-23 11:12:20	5	3568.201	-55	-55	6400	4096	-14.368086	0.021426667	0.025022952	0.02886567	-7.163376E-5	5.44899E-5	0.0013772661	0.10737886	-0.67116845	0.7785473	1.3021655	2.8567414	3.7199502	4.291215	27.297611	0.039089184	0.5273243	26.548
2020-05-23 11:18:43	5	3570.1204	-53	-54	6400	4096	-14.433194	0.02135229	0.023269527	0.028156683	-7.568702E-5	5.7817266E-5	0.0013644869	0.11594713	-0.6815659	0.797513	1.3296342	3.0970368	4.117926	4.9827886	29.430862	0.04283954	0.6043843	26.364
2020-05-23 11:26:17	5	3536.1985	-55	-55	6400	4096	-14.372705	0.020455932	0.025403421	0.029021697	-2.8524424E-5	2.087573E-5	0.001337343	0.12383366	-0.5031166	0.62695026	1.2774812	3.3401146	4.2669334	4.874684	11.049238	0.034902018	0.4696061	26.94
2020-05-23 11:31:53	5	3549.2695	-55	-55	6400	4096	-14.421732	0.022152921	0.024986103	0.02916904	-7.285064E-5	5.7528086E-5	0.0014248883	0.11881404	-0.67895836	0.7977724	1.3110486	3.106897	4.0732927	4.755205	26.89777	0.03739361	0.53072596	26.476
2020-05-23 11:38:26	5	3565.5342	-55	-55	6400	4096	-14.477233	0.02096566	0.024621189	0.028410772	-8.222764E-5	6.240345E-5	0.0013627966	0.120985225	-0.6955736	0.81655884	1.3172523	3.2328112	4.258428	4.913866	31.812706	0.035241667	0.5198258	26.072
2020-05-23 11:51:14	5	3561.3953	-55	-56	6400	4096	-14.4951515	0.021609461	0.024731567	0.028712858	-4.3889802E-5	3.0166739E-5	0.0013438889	0.13797648	-0.56468886	0.7026653	1.294743	3.7114627	4.8053904	5.578963	15.793868	0.03029396	0.3257437	26.168
2020-05-23 11:57:12	5	3535.6702	-53	-54	6400	4096	-14.4945545	0.02079655	0.022670444	0.027915975	-1.0459465E-4	8.712688E-5	0.0013775673	0.13157132	-0.76136535	0.8929367	1.3477792	3.4969525	4.7131195	5.80365	43.477646	0.03311448	0.46469146	26.172
2020-05-23 11:57:31	5	3489.5173	-53	-54	6400	4096	-14.474799	0.23957181	0.090298004	0.15478405	-0.036674976	0.8800423	0.14293075	5.310659	-5.906859	11.217518	2.442552	14.046831	34.310116	58.812584	43.074818	0.5142352	9.451509	26.56
2020-05-23 12:09:19	5	3560.6333	-55	-56	6400	4096	-14.53012	0.025333589	0.024371574	0.029802449	-2.4711644E-5	1.8028826E-5	0.00150147	0.17277564	-0.4539343	0.62670994	1.3157877	4.4060025	5.7973638	7.0892277	7.624587	0.035661638	0.479141	26.1
2020-05-23 12:15:48	5	3548.704	-55	-55	6400	4096	-14.53491	0.021588916	0.023782792	0.028150257	-8.3177045E-5	6.322724E-5	0.0013614731	0.13689104	-0.69887763	0.8357687	1.3277427	3.6625094	4.86287	5.755886	32.398064	0.030827392	0.45320743	26.004
2020-05-23 12:23:10	5	3547.9382	-55	-55	6400	4096	-14.504983	0.02430243	0.026081344	0.03011367	-6.451469E-5	4.576213E-5	0.0014926585	0.14478096	-0.6340133	0.7787943	1.2982627	3.7032685	4.8078156	5.5511312	19.5885	0.055427417	0.5475586	26.308
2020-05-23 12:23:34	5	3440.4902	-53	-54	6400	4096	-14.475515	0.2345552	0.092006996	0.15881963	-0.0635449	1.2108595	0.1528687	4.942416	-7.2355957	12.178012	2.461858	12.640728	31.119678	53.717827	51.811356	0.4397035	5.498258	26.544
2020-05-23 12:28:29	5	3552.004	-53	-54	6400	4096	-14.502888	0.021044888	0.025443343	0.02917548	-9.069505E-5	6.77622E-5	0.0014150401	0.10561589	-0.7111165	0.8167324	1.3057251	2.7724233	3.6200225	4.1510224	32.174255	0.029065197	0.29396865	26.152
2020-05-23 12:34:43	5	3530.5488	-53	-53	6400	4096	-14.492059	0.021296052	0.024725568	0.028739532	-6.170275E-5	4.448628E-5	0.0013733861	0.12790857	-0.6321002	0.7600088	1.3071784	3.404749	4.450614	5.1731296	22.33407	0.033226896	0.43340108	26.18
2020-05-23 12:41:24	5	3551.276	-55	-55	6400	4096	-14.500698	0.021334067	0.025007453	0.028819364	-1.10073684E-4	9.187569E-5	0.0014323466	0.16024342	-0.7704616	0.9307051	1.3304849	4.17913	5.5602694	6.407827	42.50336	0.029096225	0.33362234	26.012
2020-05-23 12:47:21	5	3562.9204	-55	-56	6400	4096	-14.519207	0.02108378	0.024915438	0.028551718	-1.0917109E-4	9.020262E-5	0.0013840615	0.14338396	-0.7681608	0.9115448	1.320951	3.8017333	5.021903	5.754824	44.580338	0.031097457	0.3746941	26.016
2020-05-23 12:53:49	5	3560.1208	-53	-54	6400	4096	-14.535114	0.021361623	0.024529664	0.028315222	-6.944197E-5	5.1226405E-5	0.0013448044	0.13967218	-0.6579648	0.797637	1.3138065	3.7545555	4.9327593	5.6940107	26.747814	0.031900942	0.37718365	26.04
2020-05-23 13:01:43	5	3476.2776	-55	-55	6400	4096	-14.459992	0.053733077	0.05431675	0.06434466	1.901497E-4	2.2182803E-4	0.0068901214	0.34948596	-0.69644105	1.045927	1.2904843	4.2088604	5.4314685	6.434221	4.6661153	0.043961413	0.47445893	26.516
2020-05-23 13:03:08	5	3500.935	-53	-53	6400	4096	-14.423242	0.056300987	0.059204254	0.06960917	2.2079925E-4	2.528122E-4	0.0077898153	0.41344604	-0.67007965	1.0835257	1.2688657	4.680979	5.9395337	6.9833837	4.1540284	0.047179293	0.5303442	26.544
2020-05-23 13:06:26	5	3536.2417	-53	-53	6400	4096	-14.339718	0.023709849	0.02511952	0.02952511	-5.7424266E-5	4.488613E-5	0.001456184	0.16684882	-0.6310876	0.79793644	1.3083119	4.3193693	5.6510825	6.642198	20.160475	0.03808681	0.52454376	26.868
2020-05-23 13:13:50	5	3535.5872	-53	-53	6400	4096	-14.422628	0.02078379	0.023702472	0.02848938	-4.4005683E-5	3.0529434E-5	0.0013518305	0.13562079	-0.56733066	0.70295143	1.3086303	3.637695	4.760398	5.721799	15.802249	0.039173078	0.48279083	26.708
2020-05-23 13:19:18	5	3558.1943	-51	-52	6400	4096	-14.498903	0.021668995	0.024734309	0.028441979	-1.3068618E-4	1.09492605E-4	0.0013965073	0.12201951	-0.80858445	0.930604	1.3311571	3.2228506	4.29012	4.9332085	53.28787	0.028420307	0.32552186	26.04
2020-05-23 13:25:50	5	3554.3267	-53	-54	6400	4096	-14.519512	0.021042489	0.024849843	0.028368127	-3.762479E-5	2.5979733E-5	0.0012911503	0.1227643	-0.54199344	0.6647577	1.2842203	3.3697824	4.3275433	4.940244	14.748701	0.037213296	0.51788884	26.012
2020-05-23 13:32:03	5	3559.1887	-53	-54	6400	4096	-14.531895	0.020803254	0.024050303	0.028622672	-2.3540564E-5	1.7467339E-5	0.0013470203	0.1362429	-0.47148892	0.6077318	1.2990792	3.6641066	4.7599645	5.664914	9.137842	0.030938856	0.44562072	26.028
2020-05-23 13:39:04	5	3549.4465	-53	-54	6400	4096	-14.522923	0.021350631	0.025185317	0.028947579	-8.780336E-5	6.760757E-5	0.0014038621	0.12507373	-0.71068543	0.83575916	1.3110929	3.2954931	4.320698	4.966137	32.584614	0.042304624	0.6488271	26.064
2020-05-23 13:44:46	5	3553.3096	-53	-54	6400	4096	-14.518129	0.019913966	0.023934362	0.027679894	-5.894725E-5	4.110905E-5	0.0012947939	0.14014572	-0.6195894	0.7597351	1.3182504	3.840763	5.0630875	5.8554187	23.18933	0.028004423	0.31731263	26.0
2020-05-23 13:51:10	5	3559.8044	-53	-54	6400	4096	-14.55778	0.022495288	0.025667662	0.029360922	-1.3324183E-4	1.1843102E-4	0.0014553176	0.12428378	-0.8252888	0.94957256	1.3160262	3.2164752	4.232966	4.8420377	53.12862	0.04489022	0.77887726	26.02
2020-05-23 13:58:05	5	3562.5232	-53	-53	6400	4096	-14.574289	0.021358227	0.02509996	0.028688934	-8.600254E-5	6.820983E-5	0.0013615766	0.16039617	-0.71317333	0.8735695	1.3043118	4.286454	5.5908723	6.3902965	34.790737	0.039625503	0.55631715	26.0
2020-05-23 14:04:13	5	3562.4521	-53	-53	6400	4096	-14.5634985	0.02014457	0.023036467	0.027801702	-1.2700733E-4	1.1480438E-4	0.0013810385	0.14958815	-0.81893486	0.968523	1.3542569	3.9730568	5.3805394	6.4935374	57.130596	0.029130692	0.35802385	26.004
2020-05-23 14:04:34	5	3460.1768	-53	-54	6400	4096	-14.55103	0.26187158	0.10376851	0.18597238	-0.10498098	1.006393	0.18659969	3.4041958	-6.506215	9.910411	2.3228028	7.8805	18.304846	32.80567	28.901772	0.41172138	4.554954	26.1
2020-05-23 14:10:22	5	3557.3596	-120	-54	6400	4096	-14.560076	0.022237485	0.025347903	0.029161036	-1.09695946E-4	8.989368E-5	0.0014347411	0.12602688	-0.76660466	0.89263153	1.3164165	3.2829702	4.321756	4.971886	41.394638	0.03235263	0.40132326	26.004
2020-05-23 14:17:27	5	3548.103	-53	-54	6400	4096	-14.551455	0.021185385	0.023184156	0.028688498	-1.0550014E-4	8.636432E-5	0.0014530479	0.11530938	-0.7584566	0.87376595	1.3461975	2.9857128	4.019359	4.9736285	38.82111	0.040218543	0.6038506	26.04
2020-05-23 14:24:10	5	3523.142	-53	-53	6400	4096	-14.531986	0.01977486	0.024602758	0.0286504	-5.391206E-5	3.960369E-5	0.001355253	0.14713874	-0.6129587	0.7600975	1.3018692	3.9448369	5.1356616	5.98058	20.461788	0.035050813	0.4254454	26.132
2020-05-23 14:29:38	5	3554.6543	-53	-53	6400	4096	-14.570977	0.020893283	0.023844806	0.028449856	-6.208035E-5	4.714229E-5	0.0013831061	0.13631696	-0.64239436	0.7787113	1.325322	3.6153338	4.7914815	5.7168407	23.324091	0.032196965	0.4175721	25.968
2020-05-23 14:35:48	5	3559.0166	-53	-54	6400	4096	-14.597556	0.020859325	0.024807043	0.028580476	-1.0680503E-4	8.936625E-5	0.0013841431	0.1448908	-0.7667103	0.91160107	1.3195738	3.8418257	5.0695724	5.840712	44.173416	0.029212642	0.3773298	25.984
2020-05-23 14:42:35	5	3526.251	-51	-51	6400	4096	-14.605695	0.021402366	0.024457246	0.028510725	-1.4254078E-4	1.2849839E-4	0.0014438103	0.1265526	-0.8425236	0.96907616	1.3499768	3.2880359	4.4387717	5.1744423	58.554398	0.041382387	0.646273	26.0
2020-05-23 14:48:37	5	3561.2542	-55	-55	6400	4096	-14.628686	0.020330543	0.02420109	0.028193122	-7.326953E-5	5.7081066E-5	0.001355493	0.1385422	-0.67807096	0.8166132	1.3243852	3.7104332	4.914043	5.724627	29.367174	0.03519209	0.48918107	25.976
2020-05-23 14:55:36	5	3547.0308	-51	-52	6400	4096	-14.609322	0.025896495	0.023433005	0.02907318	-2.8272005E-5	2.7739314E-5	0.0015077678	0.17293315	-0.52989143	0.7028246	1.3521318	4.3991284	5.9482017	7.379896	11.615805	0.07129879	0.67132795	25.972
2020-05-23 15:01:40	5	3539.6694	-55	-55	6400	4096	-14.585722	0.020496534	0.025053877	0.029211203	-4.7274578E-5	3.1950243E-5	0.0013842111	0.109661736	-0.57424575	0.6839075	1.2911477	2.907567	3.7540987	4.3770366	15.789656	0.031052135	0.35024282	26.004
2020-05-23 15:13:52	5	3558.5046	-53	-54	6400	4096	-14.608504	0.020907564	0.023374284	0.02792395	-6.0822902E-5	4.668784E-5	0.0013470425	0.11773871	-0.6419344	0.7596731	1.3328533	3.1634436	4.216406	5.0371046	24.331396	0.035701107	0.54161507	25.98
2020-05-23 15:20:16	5	3560.9148	-53	-54	6400	4096	-14.61744	0.02106494	0.024245383	0.028198315	-6.019365E-5	4.4468616E-5	0.0013388869	0.14621173	-0.6324233	0.778635	1.3161845	3.9395106	5.1851225	6.0304976	23.436562	0.034398716	0.47041076	25.984
2020-05-23 15:27:16	5	3541.069	-53	-55	6400	4096	-14.574054	0.021306451	0.024172723	0.02873862	-1.1141305E-4	9.3888426E-5	0.0014350625	0.13630885	-0.77554876	0.9118576	1.3361216	3.549868	4.743055	5.6389527	43.188156	0.031638313	0.42775568	26.0
2020-05-23 15:34:19	5	3542.4424	-53	-54	6400	4096	-14.531594	0.02038026	0.021719987	0.027552849	-8.451442E-5	6.497691E-5	0.0013621375	0.13215564	-0.703696	0.83585167	1.3572245	3.534008	4.796442	6.0845175	33.226635	0.035955895	0.48843396	26.008
2020-05-23 15:39:26	5	3551.7625	-55	-55	6400	4096	-14.534397	0.025211357	0.025657773	0.030334696	-1.2003947E-4	1.0342891E-4	0.0015930805	0.11807589	-0.79362816	0.91170406	1.3312832	2.9238236	3.892437	4.601954	38.886745	0.039676353	0.5896238	26.004
2020-05-23 15:39:56	5	3511.202	-51	-52	6400	4096	-14.500048	0.059059367	0.059197336	0.071238846	1.7869181E-4	3.5276896E-4	0.008392428	0.35952827	-0.8378546	1.1973829	1.2864002	3.923197	5.046801	6.073386	5.0017104	0.055818576	0.73484063	26.044
2020-05-23 15:45:41	5	3556.8423	-55	-55	6400	4096	-14.536981	0.020629006	0.025182195	0.02890674	-7.467077E-5	5.618519E-5	0.0013825159	0.121808425	-0.67586863	0.79767704	1.3034773	3.2327693	4.2138414	4.8370852	27.874779	0.029308055	0.30030426	25.988
2020-05-23 15:52:10	5	3561.572	-53	-54	6400	4096	-14.567467	0.02089132	0.022478594	0.028035631	-2.0124633E-5	1.5868087E-5	0.0013350691	0.13436913	-0.45434928	0.5887184	1.3209903	3.628186	4.7927985	5.9776487	8.434991	0.030054826	0.38427645	25.928
2020-05-23 15:58:58	5	3540.4102	-53	-54	6400	4096	-14.537534	0.1870073	0.039309904	0.06762058	0.0074127126	0.053287685	0.035912253	2.0943477	-1.7240955	3.8184433	2.8039794	11.045747	30.972048	53.277866	41.22987	0.13299067	0.6364121	26.008
2020-05-23 16:05:07	5	3562.135	-53	-54	6400	4096	-14.567311	0.020611813	0.022044852	0.027507437	-1.3842352E-4	1.2343751E-4	0.0013959928	0.15333122	-0.83418804	0.98751926	1.3769655	4.0481577	5.5741735	6.9554205	59.9728	0.03726673	0.48120603	25.996
2020-05-23 16:12:18	5	3540.8452	-53	-54	6400	4096	-14.488911	0.020805178	0.02506598	0.029024256	-7.191657E-5	5.4713815E-5	0.0013986743	0.12710318	-0.6707751	0.79787827	1.3054097	3.35466	4.379205	5.0707445	26.55005	0.039178953	0.6429586	26.016
2020-05-23 16:17:41	5	3554.9438	-55	-55	6400	4096	-14.501547	0.020822275	0.024753103	0.028296888	-1.05026964E-4	8.190965E-5	0.0013444964	0.10493832	-0.74974173	0.85468006	1.313862	2.8225763	3.7084756	4.239401	42.872753	0.032402746	0.4692059	26.0
2020-05-23 16:24:05	5	3561.648	-53	-54	6400	4096	-14.516129	0.021893153	0.024703465	0.028539917	-1.3863092E-4	1.2029249E-4	0.0014206667	0.121030085	-0.8285148	0.9495449	1.3372381	3.1712606	4.2407303	4.899316	56.701275	0.02950139	0.37804723	26.004
2020-05-23 16:31:00	5	3537.9329	-55	-56	6400	4096	-14.472041	0.02145916	0.023625838	0.027837804	-8.317923E-5	6.650617E-5	0.0013506863	0.12857047	-0.70734036	0.8359108	1.3384334	3.4507182	4.6185565	5.441943	34.509212	0.030830938	0.4557796	26.072
2020-05-23 16:36:55	5	3561.3845	-53	-54	6400	4096	-14.481721	0.020830626	0.024946582	0.028544582	-1.248282E-4	1.0828329E-4	0.0013940631	0.12454517	-0.80601305	0.9305582	1.3259367	3.2906406	4.363181	4.9924746	52.768604	0.038682427	0.61368036	26.024
2020-05-23 16:43:17	5	3563.0032	-55	-56	6400	4096	-14.484565	0.019337585	0.023418205	0.02728057	-5.663846E-5	3.896089E-5	0.0012484926	0.12775017	-0.61287904	0.7406292	1.3138895	3.5640945	4.6828265	5.455165	23.603683	0.027946884	0.31483477	26.004
2020-05-23 16:51:11	5	3526.0378	-55	-55	6400	4096	-14.41128	0.020314934	0.0247552	0.028491125	-8.734963E-5	6.853681E-5	0.0013708959	0.14110604	-0.7139641	0.8550701	1.3165585	3.761801	4.9526315	5.700056	34.61982	0.039438948	0.6217372	26.264
2020-05-23 16:56:14	5	3552.0044	-53	-53	6400	4096	-14.352969	0.019839678	0.024855701	0.028545763	-3.4733293E-5	2.258275E-5	0.001299192	0.12664013	-0.5191471	0.64578724	1.2803456	3.464994	4.4363894	5.095013	12.656143	0.038651675	0.60892254	26.096
2020-05-23 16:56:36	5	3389.783	-53	-54	6400	4096	-14.333752	0.053273622	0.053041913	0.06312649	2.406956E-4	4.290518E-4	0.0069964537	0.7930653	-0.61623263	1.409298	1.3254635	9.47828	12.563114	14.951673	8.753708	0.071146205	0.93953234	26.584
2020-05-23 17:02:27	5	3531.7012	-53	-54	6400	4096	-14.347211	0.02162201	0.023776686	0.02862654	-5.8847247E-5	4.259679E-5	0.001381112	0.135323	-0.6246715	0.7599945	1.3158075	3.5926125	4.7271867	5.691416	21.160791	0.03004708	0.35570255	26.496
2020-05-23 17:15:05	5	3563.4915	-55	-55	6400	4096	-14.350988	0.02077899	0.024642546	0.028516263	-7.98684E-5	5.998621E-5	0.0013520644	0.10822575	-0.68936926	0.797595	1.3063718	2.9051676	3.795229	4.391825	31.146824	0.030328257	0.36463425	26.1
2020-05-23 17:21:42	5	3563.4268	-55	-55	6400	4096	-14.333524	0.028240524	0.025595957	0.030437458	-5.9520073E-5	6.056853E-5	0.0016849583	0.29964083	-0.64987737	0.9495182	1.3629242	7.223055	9.844477	11.706569	20.451569	0.043926634	0.5510443	26.124
2020-05-23 17:22:07	5	3430.066	-53	-54	6400	4096	-14.305439	0.29773894	0.13151143	0.22849633	-0.07501758	1.3418758	0.24326083	5.7412753	-6.2675853	12.008861	2.1585526	11.640362	25.126333	43.65609	22.674868	0.54295486	7.944178	26.776
2020-05-23 17:34:04	5	3562.4175	-55	-55	6400	4096	-14.304795	0.02082065	0.023543712	0.027663767	-1.7423014E-4	1.5617462E-4	0.0013787312	0.118765704	-0.8877393	1.006505	1.3595917	3.1577027	4.293186	5.044477	78.0425	0.03203349	0.35464093	26.248
2020-05-23 17:40:30	5	3558.5754	-55	-55	6400	4096	-14.276345	0.021305133	0.025064252	0.028882144	-7.843088E-5	6.0196307E-5	0.0013745332	0.10845661	-0.68919945	0.79765606	1.3012644	2.8857656	3.7551441	4.327143	30.171019	0.029692052	0.4432123	26.504
2020-05-23 17:46:52	5	3566.402	-55	-55	6400	4096	-14.263804	0.024369933	0.024746953	0.029609835	-8.293376E-5	6.47359E-5	0.001490951	0.1166356	-0.6999127	0.81654835	1.3202047	2.983691	3.939083	4.71313	27.722734	0.04306433	0.62654257	26.464
2020-05-23 17:53:16	5	3566.113	-55	-55	6400	4096	-14.23928	0.021227933	0.023655048	0.02824051	-3.3709697E-5	2.2506092E-5	0.0013239675	0.11103602	-0.5156205	0.62665653	1.306591	3.0092044	3.9317994	4.6939673	12.14091	0.029003335	0.41579193	26.464
2020-05-23 17:59:53	5	3563.6978	-53	-53	6400	4096	-14.221511	0.02318525	0.023928083	0.029092142	-1.5760917E-4	1.3735666E-4	0.0015195905	0.1307159	-0.8567795	0.9874954	1.355778	3.3140888	4.493169	5.462866	56.753494	0.032489546	0.44949022	26.648
2020-05-23 18:00:16	5	3489.5195	-55	-55	6400	4096	-14.18046	0.21009107	0.09196149	0.15284614	-0.010699415	0.7822608	0.1318222	5.92893	-5.4406896	11.369619	2.3754642	16.329515	38.79018	64.47188	45.01317	0.31693357	4.771608	27.036
2020-05-23 18:06:42	5	3549.2517	-55	-55	6400	4096	-14.145451	0.02079902	0.024230607	0.028107665	-4.115054E-5	2.8238801E-5	0.0012881055	0.1274483	-0.55635715	0.68380547	1.2955867	3.4997966	4.53429	5.259806	16.057623	0.029597579	0.3812073	27.056
2020-05-23 18:12:23	5	3552.4282	-55	-55	6400	4096	-14.065739	0.020264726	0.024859477	0.028549049	-7.020097E-5	5.5512293E-5	0.0013607745	0.14340284	-0.67332387	0.8167267	1.3100827	3.834135	5.023034	5.768538	28.367937	0.031898305	0.4821767	26.996
2020-05-23 18:18:47	5	3563.2368	-55	-55	6400	4096	-14.037837	0.021356873	0.02461454	0.028927721	-3.439852E-5	2.181391E-5	0.0013599236	0.13684574	-0.50882804	0.64567375	1.2920878	3.6612132	4.730609	5.559549	11.176569	0.028932178	0.42995033	27.016
2020-05-23 18:25:36	5	3535.0715	-55	-55	6400	4096	-14.00319	0.021970807	0.0216683	0.027549949	-8.748271E-5	7.1480776E-5	0.0013770597	0.17203791	-0.7209074	0.8929453	1.3656378	4.572649	6.244582	7.939613	35.674995	0.03868464	0.55245894	27.5
2020-05-23 18:25:55	5	3452.142	-120	-55	6400	4096	-13.937223	0.22040279	0.09370746	0.1557614	-0.032281477	1.0041248	0.1418196	5.490371	-6.5520997	12.042471	2.4177756	14.5789385	35.2486	58.59055	49.921127	0.29561433	4.60916	27.86
2020-05-23 18:32:01	5	3563.3147	-53	-53	6400	4096	-13.927795	0.022104809	0.02511595	0.028794907	-1.1041068E-4	9.1417816E-5	0.0014007278	0.14076348	-0.7707756	0.9115391	1.3163784	3.713587	4.8884854	5.6045456	44.283833	0.036432203	0.4704683	27.236
2020-05-23 18:50:11	5	3558.3179	-55	-55	6400	4096	-13.963301	0.021903155	0.024582429	0.02878257	-2.8792918E-5	2.1507147E-5	0.0013421633	0.118217275	-0.50851554	0.6267328	1.2895297	3.1850777	4.107252	4.8090153	11.332849	0.039750304	0.5828565	27.212
2020-05-23 18:56:35	5	3564.11	-55	-55	6400	4096	-13.9964905	0.022137506	0.021420315	0.027569719	-1.4041191E-4	1.2376563E-4	0.0014227887	0.11467835	-0.83483034	0.94950867	1.3853043	3.0026443	4.1595764	5.353719	58.16877	0.033199914	0.39438987	27.088
2020-05-23 19:02:56	5	3566.2083	-55	-56	6400	4096	-14.032867	0.02031628	0.021592416	0.027735107	-2.2662307E-5	1.5655743E-5	0.0012988234	0.11352903	-0.4561569	0.56968594	1.3178089	3.1061661	4.0933332	5.2578197	8.772931	0.033410832	0.5354024	27.084
2020-05-23 19:09:23	5	3564.1396	-55	-56	6400	4096	-14.048573	0.019867726	0.023510769	0.027664583	-2.719229E-5	1.964488E-5	0.0012527619	0.109796055	-0.49788904	0.6076851	1.2978203	3.0580742	3.9688308	4.6700325	11.822099	0.02877863	0.40145463	26.928
2020-05-23 19:15:47	5	3560.4153	-55	-55	6400	4096	-14.073791	0.021482628	0.022731507	0.028088307	-5.498496E-5	3.8086895E-5	0.0013444764	0.13420494	-0.6064548	0.7406597	1.3226594	3.6123922	4.7779646	5.9039173	19.993147	0.035239886	0.4625802	26.96
2020-05-23 19:28:19	5	3564.616	-55	-55	6400	4096	-14.14071	0.021545008	0.024623286	0.028430698	-2.4736944E-5	1.8481871E-5	0.0013112584	0.12607771	-0.4816026	0.6076803	1.2915323	3.433567	4.4345627	5.1202636	10.166578	0.035366245	0.52378696	26.576
2020-05-23 19:40:54	5	3561.0386	-55	-55	6400	4096	-14.14213	0.020438483	0.024081692	0.02804524	-8.333568E-5	6.676589E-5	0.0013502566	0.12671502	-0.7088916	0.8356066	1.3279315	3.4024618	4.518236	5.2618823	34.70685	0.028216297	0.3599802	26.792
2020-05-23 19:47:40	5	3548.9812	-55	-55	6400	4096	-14.148507	0.020712866	0.02281425	0.027592087	-3.073825E-5	2.2265633E-5	0.0012814461	0.1494396	-0.51537436	0.664814	1.3162707	4.114679	5.4160314	6.5502753	12.797227	0.037906155	0.6436409	26.86
2020-05-23 19:48:03	5	3495.8186	-55	-56	6400	4096	-14.115116	0.06380414	0.05402342	0.06539763	-6.859144E-5	8.3853013E-4	0.008364477	0.9026135	-0.7703363	1.6729498	1.3988802	9.866413	13.801931	16.707819	11.971499	0.1146251	1.6031278	26.876
2020-05-23 19:53:47	5	3563.1726	-55	-55	6400	4096	-14.181443	0.020510247	0.02390907	0.028060079	-2.714976E-5	2.0317066E-5	0.0012969489	0.109523736	-0.49816993	0.6076937	1.3021994	2.9973807	3.903187	4.580845	11.397134	0.033420626	0.46737105	26.34
2020-05-23 20:02:20	5	3538.0105	-55	-55	6400	4096	-14.08328	0.02116688	0.02473989	0.028607475	-4.732052E-5	3.324878E-5	0.0013362898	0.119785465	-0.58313924	0.7029247	1.2946395	3.234266	4.1872087	4.841795	17.671041	0.03306733	0.46285257	26.98
2020-05-23 20:06:54	5	3535.5647	-55	-55	6400	4096	-14.084572	0.021494212	0.024377448	0.028238494	-1.2354167E-4	1.0075546E-4	0.0013800121	0.1205367	-0.7914001	0.91193676	1.3332163	3.2016742	4.268524	4.9445987	50.153355	0.037514046	0.55852884	27.004
2020-05-23 20:12:41	5	3561.796	-120	-54	6400	4096	-14.198078	0.020889753	0.025163574	0.028846877	-5.2331205E-5	3.5682566E-5	0.0013415982	0.12585633	-0.59579664	0.721653	1.2867556	3.3906283	4.36291	5.0015283	18.796484	0.031344205	0.3595832	26.412
2020-05-23 20:13:02	5	3463.8298	-55	-55	6400	4096	-14.175285	0.19344857	0.06353917	0.09471472	0.08761317	1.3093312	0.076027736	7.137607	-5.1307774	12.268385	2.9112678	25.885286	75.359	112.33397	226.49098	0.34671468	4.0254006	26.736
2020-05-23 20:19:06	5	3562.6348	-55	-55	6400	4096	-14.22239	0.021214593	0.022591807	0.027942441	-7.854725E-5	5.9490947E-5	0.0013823436	0.13136208	-0.68523395	0.81659603	1.3492277	3.4843392	4.7011666	5.8145895	29.44778	0.030808067	0.39906952	26.324
2020-05-23 20:26:11	5	3540.1934	-55	-55	6400	4096	-14.218812	0.021185186	0.025469743	0.029163081	-3.9108752E-5	2.9972793E-5	0.0013787019	0.14181638	-0.56108356	0.70289993	1.2905848	3.7679615	4.862874	5.568033	14.936453	0.032042947	0.3783899	26.66
2020-05-23 20:31:54	5	3556.0425	-55	-55	6400	4096	-14.257881	0.02260958	0.025173442	0.02926246	-4.17783E-5	2.9136037E-5	0.0013973743	0.14640836	-0.5563161	0.70272446	1.2946103	3.864702	5.003283	5.8159857	14.145912	0.031610437	0.39115033	26.096
2020-05-23 20:38:49	5	3549.0225	-55	-55	6400	4096	-14.2542715	0.020654842	0.025035191	0.028711807	-4.921728E-5	3.660276E-5	0.0013427464	0.12225023	-0.5995468	0.721797	1.2933067	3.2922106	4.2578382	4.8831353	19.251545	0.02903186	0.37929705	26.276
2020-05-23 20:44:37	5	3551.7637	-53	-54	6400	4096	-14.220887	0.02149316	0.024495384	0.02854735	-6.117262E-5	4.4346292E-5	0.0013656006	0.12746122	-0.632292	0.7597532	1.3120297	3.4030523	4.4649057	5.20348	22.533022	0.036645852	0.51961416	26.1
2020-05-23 20:51:00	5	3557.0833	-55	-55	6400	4096	-14.293421	0.022034435	0.024544263	0.028288942	-1.1758676E-4	9.8549805E-5	0.00138212	0.1441941	-0.7864261	0.9306202	1.331999	3.8267217	5.0971894	5.8748593	48.884754	0.039307546	0.49794272	26.04
2020-05-23 20:57:55	5	3562.7742	-53	-53	6400	4096	-14.316071	0.020710742	0.022980582	0.02773833	-8.456476E-5	6.604165E-5	0.0013656954	0.14911078	-0.70546436	0.85457516	1.3508556	3.9794204	5.3756223	6.4885554	33.501247	0.045110915	0.7217172	26.048
2020-05-23 21:03:49	5	3555.7722	-55	-55	6400	4096	-14.307232	0.019879794	0.02428318	0.028306426	-3.760176E-5	2.6877511E-5	0.0013274531	0.11972903	-0.5450134	0.66474247	1.3057992	3.239202	4.2297473	4.9305334	14.3993635	0.03214587	0.40637514	26.008
2020-05-23 21:10:13	5	3562.7876	-55	-55	6400	4096	-14.312836	0.020975504	0.024563413	0.028415639	-4.4630324E-5	3.1899315E-5	0.0013268882	0.12688781	-0.5757623	0.70265007	1.2990094	3.4375591	4.4654217	5.165724	17.183138	0.03203839	0.37378585	26.0
2020-05-23 21:17:50	5	3522.096	-53	-54	6400	4096	-14.241764	0.019961767	0.024737725	0.028310888	-3.239766E-5	2.3207262E-5	0.0012878152	0.1227155	-0.5233788	0.6460943	1.2861148	3.3702817	4.334569	4.9606624	13.203555	0.03428199	0.49116284	26.56
2020-05-23 21:35:18	5	3562.1248	-55	-55	6400	4096	-14.325692	0.01978335	0.024531769	0.028290376	-6.4697146E-5	4.560753E-5	0.0013244143	0.10161596	-0.63902277	0.74063873	1.3042847	2.7539167	3.5918915	4.1422186	24.603228	0.032699212	0.45606336	26.0
2020-05-23 21:41:41	5	3561.1672	-55	-55	6400	4096	-14.333607	0.022571335	0.025166286	0.02934374	-5.5094963E-5	4.016079E-5	0.0014207088	0.14730091	-0.61234075	0.75964165	1.3009723	3.8585303	5.019841	5.853105	18.908981	0.038249392	0.3416448	26.012
2020-05-23 21:48:09	5	3557.5422	-53	-54	6400	4096	-14.3431225	0.021550631	0.02453015	0.028961608	-1.279055E-4	1.1241613E-4	0.0014773953	0.13702077	-0.8125852	0.94960594	1.3442128	3.519619	4.7311172	5.58581	48.940205	0.034114964	0.38746783	26.012
2020-05-23 22:01:04	5	3527.1865	-55	-55	6400	4096	-14.326527	0.020679096	0.021856954	0.028252406	-5.413951E-5	3.9177874E-5	0.0014030328	0.1326187	-0.60842824	0.7410469	1.3434854	3.4939475	4.694067	6.0675745	18.875015	0.03721345	0.54748106	26.04
2020-05-23 22:07:05	5	3560.8257	-53	-53	6400	4096	-14.348961	0.019570425	0.025221214	0.028786829	-5.6219516E-5	4.0042356E-5	0.0013360367	0.12459675	-0.6160572	0.740654	1.2873462	3.3621533	4.328255	4.940157	21.230629	0.03201002	0.38566038	26.0
2020-05-23 22:13:33	5	3560.0974	-55	-55	6400	4096	-14.354655	0.035416063	0.029987795	0.03593753	-3.333239E-5	2.974417E-5	0.0021445553	0.16811255	-0.4965851	0.66469765	1.3000158	3.5983489	4.6779103	5.606032	6.2433033	0.037037637	0.4332291	26.004
2020-05-23 22:19:51	5	3560.5806	-55	-56	6400	4096	-14.362786	0.0217955	0.024724398	0.028760973	-1.21572615E-4	1.0144056E-4	0.0014241443	0.13836765	-0.792202	0.93056965	1.3295172	3.6185703	4.8109517	5.596401	47.448383	0.03977633	0.5225735	26.004
2020-05-23 22:26:16	5	3562.668	-55	-55	6400	4096	-14.380122	0.020514958	0.023462694	0.027718332	-1.04757826E-4	8.4608044E-5	0.0013502636	0.13717684	-0.7553813	0.8925581	1.3443505	3.6812997	4.948957	5.8465934	43.882687	0.02923705	0.368373	25.992
2020-05-23 22:33:16	5	3549.3403	-55	-55	6400	4096	-14.342477	0.020142136	0.02330988	0.028354995	-1.981586E-5	1.3964105E-5	0.001311396	0.13454801	-0.4352886	0.5698366	1.2958144	3.661887	4.745126	5.772145	7.661673	0.034274727	0.5544356	26.02
2020-05-23 22:38:53	5	3554.4849	-55	-55	6400	4096	-14.351414	0.021245956	0.024909452	0.028609669	-1.2428057E-4	1.07699816E-4	0.0013999457	0.14463164	-0.80501914	0.94965076	1.3253425	3.814366	5.0553412	5.806296	52.101612	0.033815753	0.43973956	25.996
2020-05-23 22:45:59	5	3549.7886	-53	-53	6400	4096	-14.332772	0.021311952	0.025138997	0.028869176	-1.02900914E-4	8.2329956E-5	0.0014124599	0.14393775	-0.7488006	0.89273834	1.3194249	3.7788153	4.9858627	5.725676	39.10945	0.03336629	0.4440059	26.012
2020-05-23 22:46:21	5	3437.1484	-55	-55	6400	4096	-14.336385	0.25647706	0.09597992	0.16181351	-0.07728491	0.86377865	0.14795467	4.688577	-6.272248	10.960825	2.3771505	12.189042	28.975187	48.84956	39.456314	0.5328908	9.155036	26.116
2020-05-24 10:07:28	5	3569.7922	-53	-54	6400	4096	-14.506853	0.019987272	0.021574803	0.027843136	-5.3681786E-5	3.8316197E-5	0.0013446928	0.13256736	-0.60798365	0.740551	1.3345225	3.5677347	4.7612224	6.1445456	20.100466	0.030381324	0.39332354	25.28
2020-05-24 10:13:52	5	3562.24	-53	-54	6400	4096	-14.4812355	0.020989241	0.024760531	0.028357698	-1.5543668E-4	1.406249E-4	0.0014014518	0.1242514	-0.86326593	0.98751736	1.3378475	3.275094	4.381576	5.0181236	67.8816	0.039180115	0.60010874	25.2
2020-05-24 10:20:41	5	3564.3425	-53	-53	6400	4096	-14.470223	0.020730859	0.021000471	0.027390005	-1.6021842E-4	1.4798238E-4	0.0014184614	0.15168908	-0.8737759	1.025465	1.3940026	3.972818	5.5381184	7.223128	69.62855	0.033871237	0.38248217	25.212
2020-05-24 10:26:39	5	3554.244	-55	-55	6400	4096	-14.433163	0.021227181	0.02315601	0.028425047	-9.7985205E-5	7.9780155E-5	0.0014260442	0.11236844	-0.74232113	0.8546896	1.346379	2.9361336	3.953149	4.852669	37.189533	0.044378024	0.7455512	25.356
2020-05-24 10:33:07	5	3558.718	-55	-55	6400	4096	-14.41232	0.019515231	0.023227196	0.028030587	-5.241321E-5	3.9424318E-5	0.0013372835	0.13051297	-0.61016583	0.7406788	1.3225613	3.5205107	4.6560907	5.618972	20.872393	0.03121544	0.39662036	25.696
2020-05-24 10:40:55	5	3520.9648	-53	-54	6400	4096	-14.324204	0.02039148	0.024569482	0.028762437	-2.9810239E-5	2.2888029E-5	0.0013477836	0.12888841	-0.51721734	0.64610577	1.2934821	3.464398	4.4811363	5.245874	11.947144	0.027352491	0.3423145	25.956
2020-05-24 10:45:48	5	3544.7068	-55	-56	6400	4096	-14.293102	0.020189125	0.024605064	0.028143711	-8.495786E-5	6.8088215E-5	0.0013217631	0.12212915	-0.71369296	0.8358221	1.3099878	3.3126132	4.339483	4.9635777	36.853397	0.034504272	0.572739	25.472
2020-05-24 10:52:09	5	3552.9614	-55	-55	6400	4096	-14.327282	0.019154621	0.024583938	0.028324574	-3.3255677E-5	2.3781438E-5	0.0012942732	0.13915403	-0.525618	0.66477203	1.289119	3.8110034	4.912837	5.6603637	13.378653	0.029203631	0.40577692	25.428
2020-05-24 10:58:50	5	3548.1804	-53	-53	6400	4096	-14.311487	0.019797318	0.024999525	0.028835015	-3.3608187E-5	2.394546E-5	0.0013607976	0.12229323	-0.5235331	0.64582634	1.2968369	3.2703698	4.241136	4.891822	12.246191	0.031888716	0.4546876	25.804
2020-05-24 11:11:16	5	3559.4807	-53	-54	6400	4096	-14.2887125	0.019307973	0.024699073	0.028444117	-2.2779888E-5	1.9164861E-5	0.0013134954	0.14001597	-0.48670444	0.6267204	1.2926614	3.80803	4.9224935	5.6688757	10.485682	0.027959762	0.34482357	25.888
2020-05-24 11:30:34	5	3536.265	-53	-54	6400	4096	-14.218133	0.021481618	0.025224634	0.028983071	-1.2934736E-4	1.1009318E-4	0.001429404	0.1402621	-0.80966145	0.9499235	1.3210269	3.663399	4.839449	5.5605206	51.23138	0.034785997	0.5448074	25.98
2020-05-24 11:36:23	5	3557.3955	-55	-55	6400	4096	-14.244843	0.019630836	0.020615172	0.026561504	-9.924592E-5	7.79827E-5	0.0013041602	0.13366877	-0.7399713	0.87364006	1.3789731	3.6494	5.0324244	6.4839997	43.32758	0.028910097	0.37880382	25.924
2020-05-24 11:42:48	5	3556.2253	-53	-54	6400	4096	-14.230742	0.01926852	0.023773994	0.027681677	-6.8316294E-5	5.108723E-5	0.0012948947	0.13830313	-0.65938246	0.7976856	1.319479	3.7864933	4.996198	5.817413	28.703373	0.033799823	0.43623665	25.84
2020-05-24 11:49:16	5	3559.146	-55	-55	6400	4096	-14.206347	0.019753782	0.022008833	0.028093295	-9.9183795E-5	7.8350655E-5	0.001405279	0.13354439	-0.7400709	0.87361526	1.3511319	3.5182378	4.7536035	6.0677633	37.743385	0.028063955	0.30329263	25.988
2020-05-24 11:57:13	5	3539.6711	-53	-54	6400	4096	-14.129819	0.0205288	0.024241624	0.028334698	-1.059063E-4	8.8084926E-5	0.0013698152	0.12869638	-0.76418406	0.89288044	1.3237195	3.4312456	4.5420065	5.308901	44.50855	0.03270229	0.4604115	26.012
2020-05-24 12:07:52	5	3552.5222	-53	-53	6400	4096	-14.11137	0.022290727	0.022300638	0.028074672	-1.1106657E-4	9.548928E-5	0.0014104617	0.13207391	-0.77961874	0.9116926	1.3559655	3.4693947	4.7043796	5.922427	45.467525	0.032639906	0.4791732	25.988
2020-05-24 12:14:19	5	3550.548	-53	-54	6400	4096	-14.106632	0.021001298	0.02434806	0.028254671	-1.3343043E-4	1.1691638E-4	0.0013892004	0.14589764	-0.8228066	0.9687042	1.3376263	3.8603191	5.1636643	5.992167	57.302708	0.034164786	0.46548292	26.008
2020-05-24 12:20:52	5	3559.6985	-51	-51	6400	4096	-13.825372	0.02038616	0.021434363	0.027445138	-8.851678E-5	7.148322E-5	0.0013469617	0.13251837	-0.72209877	0.8546171	1.3562438	3.5601876	4.828482	6.1825194	37.238426	0.045443732	0.8878197	26.004
2020-05-24 12:21:14	5	3434.5398	-53	-53	6400	4096	-13.799884	0.24638031	0.08925865	0.15526344	0.043132856	1.1510342	0.14497484	7.3487	-4.906647	12.255347	2.4523592	19.299995	47.330524	82.3304	54.761463	0.47165015	6.4174614	26.064
2020-05-24 12:27:04	5	3556.626	-51	-50	6400	4096	-13.798229	0.020327445	0.025191166	0.028736314	-5.5055298E-5	4.0544284E-5	0.0013348643	0.123710416	-0.61699224	0.7407026	1.2900656	3.3370552	4.3050203	4.910865	21.466345	0.04677543	0.84837866	26.004
2020-05-24 12:39:50	5	3557.0317	-53	-53	6400	4096	-13.781787	0.02085701	0.024610411	0.028430527	-3.7817015E-5	2.5651592E-5	0.0013188104	0.12634791	-0.5383822	0.6647301	1.2955872	3.4301767	4.444093	5.133921	13.935035	0.042573124	0.7310288	26.004
2020-05-24 12:46:45	5	3534.9346	-53	-53	6400	4096	-13.730121	0.020086909	0.024538636	0.028398018	-2.9333056E-5	2.0552648E-5	0.0013115852	0.12692465	-0.500038	0.62696266	1.293449	3.4554818	4.4694896	5.172441	11.290634	0.034577344	0.5128928	26.364
2020-05-24 12:52:33	5	3555.6665	-53	-54	6400	4096	-13.754641	0.020334411	0.023471748	0.027658602	-9.523134E-5	7.6610595E-5	0.0013212666	0.117901795	-0.73676777	0.8546696	1.3323429	3.1994417	4.262753	5.0231366	41.543587	0.03544007	0.5682941	25.996
2020-05-24 12:59:04	5	3556.2192	-53	-54	6400	4096	-13.743746	0.02042808	0.025129164	0.028799029	-2.7206193E-5	1.8381215E-5	0.0013164532	0.10712451	-0.48164254	0.58876705	1.2780497	2.910471	3.7197266	4.2629557	10.015482	0.033663798	0.52326447	25.996
2020-05-24 12:59:35	5	3509.5547	-53	-54	6400	4096	-13.711997	0.054118834	0.058516283	0.06924503	2.1480388E-4	2.1711148E-4	0.007781335	0.33136666	-0.54293525	0.8743019	1.2742909	3.7553601	4.7854214	5.662811	3.5814087	0.054747853	0.8054676	26.132
2020-05-24 13:05:23	5	3556.6912	-53	-53	6400	4096	-13.726172	0.020324402	0.024238717	0.028015459	-2.3619974E-5	1.5938389E-5	0.0012550423	0.12763686	-0.4611264	0.58876324	1.2838653	3.5486152	4.555944	5.265826	9.52304	0.030570308	0.3810465	26.004
2020-05-24 13:14:36	5	3531.8704	-53	-53	6400	4096	-13.595503	0.020934459	0.024783062	0.028379358	-1.2457285E-4	1.08067106E-4	0.0013757882	0.12464419	-0.80634606	0.9309902	1.3240694	3.3171015	4.392072	5.0294104	54.205128	0.026304156	0.3166152	26.412
2020-05-24 13:17:55	5	3547.0652	-51	-52	6400	4096	-13.599171	0.020594768	0.022141041	0.027550094	-9.139325E-5	7.202728E-5	0.0013564691	0.1125517	-0.723238	0.8357897	1.3560543	3.0126722	4.085347	5.083397	36.973984	0.033762906	0.4406603	26.2
2020-05-24 13:24:20	5	3554.509	-53	-53	6400	4096	-13.646139	0.02101074	0.024732132	0.02837026	-1.2672637E-4	1.08973356E-4	0.0013842704	0.12311173	-0.8075466	0.93065834	1.3300282	3.2626863	4.3394647	4.977805	53.75561	0.033687945	0.43819544	26.072
2020-05-24 13:30:42	5	3552.9858	-53	-53	6400	4096	-13.645371	0.020872995	0.025048353	0.028758112	-1.2933879E-4	1.09588604E-4	0.0014133904	0.12202037	-0.8086599	0.9306803	1.3245823	3.2032661	4.2429895	4.871393	52.04849	0.033455994	0.46507108	26.116
2020-05-24 13:37:07	5	3558.399	-55	-55	6400	4096	-13.639902	0.021511426	0.0236178	0.027968232	-6.0069466E-5	4.185609E-5	0.0013212414	0.09870534	-0.6229848	0.7216902	1.318693	2.6762822	3.5291946	4.1792774	22.621622	0.032760393	0.4479202	26.112
2020-05-24 13:43:30	5	3557.8425	-53	-54	6400	4096	-13.645919	0.02107667	0.025044877	0.028705306	-6.318457E-5	4.5094745E-5	0.0013556795	0.1235963	-0.63608444	0.75968075	1.2999394	3.312228	4.3056955	4.9349933	23.258667	0.0320623	0.4355048	26.096
2020-05-24 13:50:31	5	3538.1038	-55	-55	6400	4096	-13.594192	0.020405125	0.024960104	0.028450795	-2.9254492E-5	1.8289007E-5	0.0012804602	0.124664605	-0.48326844	0.60793304	1.2755448	3.4352083	4.381762	4.9945545	10.54459	0.037698273	0.61053354	26.456
2020-05-24 13:56:14	5	3550.1523	-53	-54	6400	4096	-13.600283	0.020490905	0.02039269	0.026806086	-1.2046246E-4	1.0365587E-4	0.0013421351	0.11431842	-0.7974085	0.91172695	1.3859626	3.077027	4.264644	5.605853	54.406933	0.035480537	0.58906734	26.088
2020-05-24 14:03:07	5	3559.511	-53	-53	6400	4096	-13.624707	0.020481482	0.02412799	0.027751556	-6.973646E-5	5.030041E-5	0.0012939295	0.12172902	-0.6569232	0.7786522	1.314672	3.3364866	4.3863854	5.0451374	28.38916	0.033398576	0.4956451	26.164
2020-05-24 14:15:25	5	3554.109	-53	-53	6400	4096	-13.615486	0.02063209	0.022549063	0.027099619	-1.2479619E-4	1.0468181E-4	0.0013098447	0.11136639	-0.8003043	0.9116707	1.3546225	3.0337007	4.109519	4.938848	57.64285	0.036349464	0.53958327	26.116
2020-05-24 14:21:57	5	3557.4358	-53	-54	6400	4096	-13.643516	0.020405218	0.024405027	0.02815149	-1.2753865E-4	1.0988768E-4	0.0013728018	0.12110704	-0.8095074	0.9306145	1.3348386	3.2228436	4.301976	4.9623814	55.10974	0.03628404	0.522885	26.048
2020-05-24 14:22:19	5	3433.7292	-55	-55	6400	4096	-13.605132	0.056467567	0.052362267	0.06367337	1.6673504E-4	2.2803212E-4	0.006937761	0.45519382	-0.49632138	0.9515152	1.3085707	5.463127	7.1488886	8.693165	4.7312493	0.06808358	1.1280631	26.5
2020-05-24 14:28:48	5	3544.4539	-55	-54	6400	4096	-13.591489	0.021416558	0.024739804	0.028327614	-7.771372E-5	6.144869E-5	0.001337927	0.1233118	-0.6935169	0.8168287	1.3093995	3.3244708	4.3530602	4.9843483	32.462658	0.033231094	0.40702328	26.356
2020-05-24 14:29:14	5	3506.0076	-55	-55	6400	4096	-13.560854	0.05691383	0.060160078	0.07047081	1.8359207E-4	2.19227E-4	0.00790687	0.31251246	-0.56184	0.87435246	1.2621983	3.513423	4.4346366	5.1946816	3.5022452	0.051428586	0.6531299	26.64
2020-05-24 14:34:31	5	3545.6533	-53	-54	6400	4096	-13.554461	0.021387372	0.024729554	0.02850396	-1.2469522E-4	1.0846622E-4	0.0014121437	0.124529414	-0.80625767	0.9307871	1.335923	3.2702827	4.368846	5.0356517	51.587917	0.04163925	0.613009	26.304
2020-05-24 14:40:57	5	3552.927	-55	-55	6400	4096	-13.589738	0.020736402	0.024435809	0.027902745	-1.1021067E-4	9.032552E-5	0.0013206117	0.12335506	-0.7693385	0.8926935	1.3213081	3.3458457	4.420893	5.0481267	48.88845	0.025811065	0.24456212	26.28
2020-05-24 14:47:28	5	3554.0027	-51	-52	6400	4096	-13.601065	0.02233512	0.023175413	0.028107366	-1.3652108E-4	1.2309814E-4	0.0014111007	0.1349089	-0.83374286	0.9686518	1.354409	3.5438116	4.7997704	5.821208	58.609978	0.037244994	0.564952	26.228
2020-05-24 14:53:44	5	3556.9783	-53	-54	6400	4096	-13.603584	0.021056322	0.023814328	0.027916476	-5.1819974E-5	3.7186142E-5	0.0013114202	0.11906313	-0.60264325	0.7217064	1.3153424	3.2424843	4.264977	4.999643	20.454243	0.034209426	0.45895746	26.116
2020-05-24 15:07:35	5	3538.1682	-53	-54	6400	4096	-13.536132	0.02217454	0.025566451	0.029232064	-1.3843497E-4	1.1900007E-4	0.0014476584	0.14260988	-0.8262841	0.968894	1.318142	3.701075	4.878543	5.578008	53.983414	0.044459388	0.69875616	26.744
2020-05-24 15:12:43	5	3552.503	-53	-54	6400	4096	-13.547107	0.020785293	0.0239552	0.028267343	-3.540971E-5	2.4371097E-5	0.0013366069	0.11862187	-0.5271606	0.6457825	1.3122308	3.1979342	4.196428	4.9518213	12.8734255	0.0418602	0.63501513	26.272
2020-05-24 15:19:11	5	3559.9275	-53	-54	6400	4096	-13.572712	0.021317525	0.02436631	0.028125985	-1.9664303E-5	1.316394E-5	0.0012692974	0.1267959	-0.42395484	0.55075073	1.2857041	3.5063593	4.5081406	5.203738	7.6982284	0.038944714	0.57566875	26.228
2020-05-24 15:26:06	5	3559.2876	-53	-54	6400	4096	-13.571099	0.020574177	0.025096714	0.028669473	-1.1557486E-4	9.861049E-5	0.0013867742	0.14404128	-0.7865474	0.9305887	1.31661	3.8160157	5.0242043	5.739448	48.575336	0.0324396	0.40024304	26.304
2020-05-24 15:31:54	5	3558.8286	-55	-55	6400	4096	-13.565048	0.021691807	0.024108347	0.028185101	-1.2726468E-4	1.11153124E-4	0.0013949873	0.118902564	-0.81169283	0.9305954	1.3428594	3.141529	4.2186317	4.9320083	54.16529	0.03827925	0.55524	26.272
2020-05-24 15:38:19	5	3561.8315	-55	-53	6400	4096	-13.569387	0.021482527	0.025048252	0.028661614	-2.4463017E-5	1.8751616E-5	0.0013141152	0.12387162	-0.4838354	0.607707	1.2833993	3.3675134	4.3218646	4.9453197	10.242094	0.03595609	0.46039414	26.392
2020-05-24 15:45:48	5	3542.5427	-53	-53	6400	4096	-13.529672	0.02130243	0.024487516	0.028687049	-1.4656119E-4	1.3302526E-4	0.0014371319	0.13707581	-0.8507467	0.98782253	1.3387761	3.569168	4.778317	5.5977836	61.144695	0.028786775	0.2960521	26.42
2020-05-24 15:51:01	5	3549.8054	-53	-54	6400	4096	-13.477949	0.028394705	0.028080555	0.032384668	-2.6932288E-5	2.1486647E-5	0.0016708708	0.1438677	-0.4829481	0.6268158	1.2759534	3.4816816	4.4424634	5.1233926	7.370068	0.034992896	0.4141468	26.44
2020-05-24 15:57:59	5	3535.346	-55	-55	6400	4096	-13.472694	0.021474035	0.023233227	0.028091777	-2.2019378E-5	1.4061967E-5	0.0013123004	0.13557053	-0.43439198	0.5699625	1.3083156	3.6887014	4.825986	5.8352	7.706888	0.029419806	0.3148315	26.944
2020-05-24 16:03:59	5	3547.3545	-53	-54	6400	4096	-13.516557	0.021110108	0.024839886	0.028468242	-6.338579E-5	4.4966873E-5	0.001339472	0.12497546	-0.63483024	0.7598057	1.303957	3.366672	4.3899956	5.0312414	23.68083	0.04612468	0.73272693	26.692
2020-05-24 16:10:31	5	3546.8276	-55	-55	6400	4096	-13.513117	0.02213031	0.025502386	0.029253205	-6.4815875E-5	5.1207942E-5	0.0014029592	0.121424206	-0.65738344	0.77880764	1.2983433	3.1969974	4.1508	4.761288	24.60851	0.040089365	0.6094717	26.72
