2020-05-23 09:12:13	5	3618.649	-99	-100	102400	4096	-13.911202	0.18865213	0.15761247	0.17236692	7.370843E-4	0.0024123741	0.037161157	0.7999726	-0.5282268	1.3281994	1.1183834	4.149832	4.641103	5.0755663	1.7468925	0.013314635	0.0013587197	22.936
2020-05-23 10:19:28	5	3612.2808	-81	-81	102400	4096	-12.979851	0.19035462	0.15821096	0.17359747	8.492354E-4	0.002633177	0.037822973	0.8161628	-0.55011773	1.3662806	1.1203003	4.196614	4.7014675	5.1586995	1.8406396	0.008191351	5.3173874E-4	25.992
2020-05-23 10:30:02	5	3612.3992	-63	-64	102400	4096	-13.023445	0.18313	0.15305434	0.16711965	8.704558E-4	0.0022208397	0.035022236	0.802851	-0.50649804	1.3093491	1.1198102	4.290056	4.804049	5.245529	1.8106289	0.007667807	4.73055E-4	25.988
2020-05-23 11:08:44	5	3613.1736	-67	-68	102400	4096	-13.0478735	0.18616754	0.15613258	0.16998866	8.4478443E-4	0.0023598983	0.036038164	0.7515195	-0.65269345	1.404213	1.116764	3.9587576	4.4209976	4.813342	1.8170543	0.009552053	7.0889E-4	24.9
2020-05-23 11:28:30	5	3614.2898	-65	-66	102400	4096	-13.016179	0.18663599	0.15460047	0.16971016	9.78479E-4	0.0027090574	0.036491618	0.8149106	-0.66518146	1.480092	1.125612	4.265927	4.801779	5.2710743	2.0343795	0.009676139	7.289621E-4	24.376
2020-05-23 11:38:49	5	3614.7947	-67	-67	102400	4096	-12.998791	0.19040082	0.1581447	0.17353955	8.520194E-4	0.0026447158	0.037795715	0.79761463	-0.6445145	1.4421291	1.1202703	4.10272	4.5961547	5.043575	1.8513731	0.010095994	7.7786803E-4	24.32
2020-05-23 11:48:50	5	3607.2556	-101	-101	102400	4096	-12.956011	0.17742245	0.14799593	0.16167997	5.5132626E-4	0.0019594051	0.0327581	0.8293509	-0.5749889	1.4043398	1.119446	4.582252	5.129584	5.603876	1.8259412	0.009099955	6.761683E-4	24.52
2020-05-23 12:29:41	5	3611.6345	-99	-100	102400	4096	-12.891193	0.18467551	0.15532206	0.16937098	7.6366274E-4	0.0023092576	0.0358654	0.8032909	-0.58197826	1.3852692	1.1181468	4.241652	4.7427897	5.171776	1.795234	0.009629693	7.315422E-4	24.776
2020-05-23 13:07:45	5	3605.11	-99	-99	102400	4096	-12.83479	0.18490477	0.15509766	0.16961968	8.699888E-4	0.0024541956	0.03632408	0.7646689	-0.60176045	1.3664293	1.1236242	4.0121403	4.5081377	4.930241	1.8600298	0.009562158	7.1750704E-4	24.416
2020-05-23 16:03:10	5	3613.11	-97	-98	102400	4096	-12.743499	0.19195408	0.16151033	0.17587405	6.283151E-4	0.0024512534	0.03837086	0.73177075	-0.5206363	1.2524071	1.1137788	3.73572	4.160766	4.5307984	1.6648887	0.010465475	8.2709227E-4	24.044
2020-05-23 16:31:57	5	3611.86	-61	-61	102400	4096	-12.6697445	0.17724195	0.14869238	0.1622084	5.9385796E-4	0.0019296852	0.032876406	0.75267	-0.5566905	1.3093605	1.1178123	4.1510925	4.640142	5.061927	1.785327	0.009138169	6.91426E-4	24.16
2020-05-23 17:29:47	5	3604.81	-83	-83	102400	4096	-12.500384	0.18595326	0.15542442	0.16989218	5.743444E-4	0.002295016	0.036128934	0.71488225	-0.6705309	1.3854132	1.1188046	3.7610312	4.2078586	4.5995493	1.7582288	0.008926711	6.273864E-4	25.072
2020-05-23 18:09:25	5	3604.564	-97	-98	102400	4096	-12.425162	0.1895004	0.15814543	0.17296949	7.7265373E-4	0.0025777733	0.037618145	0.77246416	-0.5939766	1.3664408	1.121319	3.982719	4.4658985	4.8845177	1.8215871	0.008678404	5.836331E-4	25.424
2020-05-23 18:19:17	5	3607.767	-97	-98	102400	4096	-12.39402	0.17363428	0.14464957	0.1586303	3.6854224E-4	0.0019285241	0.03182057	0.7229114	-0.6244845	1.3473959	1.1245217	4.0525756	4.557209	4.9976745	1.9046237	0.007875477	5.257262E-4	25.568
2020-05-23 18:38:06	5	3613.0686	-81	-81	102400	4096	-12.380177	0.18723248	0.15563492	0.1703437	8.609728E-4	0.0025857356	0.036637817	0.80488575	-0.675233	1.4801188	1.1236699	4.2050333	4.725069	5.171627	1.9263048	0.0083213365	5.492788E-4	25.672
2020-05-23 18:57:45	5	3613.3608	-61	-62	102400	4096	-12.396836	0.17304222	0.14538188	0.15877122	7.3159393E-4	0.0018920839	0.03164523	0.821598	-0.62056357	1.4421616	1.1204239	4.6185455	5.174729	5.6513095	1.8893995	0.008011595	5.418064E-4	25.252
2020-05-23 19:07:32	5	3605.3752	-65	-65	102400	4096	-12.374663	0.18907449	0.15802395	0.17318958	8.619191E-4	0.0027108933	0.03769259	0.8359769	-0.6253373	1.4613142	1.1210016	4.305923	4.8269467	5.290191	1.908097	0.008765676	5.993009E-4	25.724
2020-05-23 19:37:11	5	3615.1328	-61	-61	102400	4096	-12.424582	0.18976653	0.15878668	0.17348339	4.92363E-4	0.0024174761	0.037545234	0.6978516	-0.6114431	1.3092947	1.1169134	3.6015186	4.0225844	4.3949	1.7149544	0.00911731	6.372979E-4	24.98
2020-05-23 20:06:50	5	3615.2058	-83	-83	102400	4096	-12.437368	0.1836725	0.15434419	0.16796029	3.4245834E-4	0.0020938166	0.03508078	0.53987294	-0.63659304	1.176466	1.1151364	2.882418	3.2142892	3.497851	1.7013757	0.009192615	6.687975E-4	24.788
2020-05-23 20:15:46	5	3615.623	-63	-64	102400	4096	-12.445022	0.1829554	0.15248004	0.16678059	8.321308E-4	0.002262192	0.035011638	0.7563286	-0.60988235	1.3662109	1.121917	4.042074	4.5348716	4.960181	1.8454597	0.009380649	6.9766864E-4	24.32
2020-05-23 20:35:35	5	3616.8896	-63	-64	102400	4096	-12.454678	0.18632317	0.15605101	0.17016973	4.481324E-4	0.0023004534	0.0361624	0.7472337	-0.67587537	1.423109	1.1174968	3.9294143	4.391108	4.788394	1.7591342	0.009485558	6.982002E-4	24.46
2020-05-23 20:54:58	5	3620.9045	-65	-65	102400	4096	-12.468524	0.18468443	0.15399764	0.16818538	7.484669E-4	0.0024357722	0.035531785	0.7997373	-0.6612336	1.4609709	1.1207798	4.242666	4.7550936	5.193178	1.9293127	0.009799692	7.5205317E-4	24.06
2020-05-23 21:04:57	5	3620.7751	-65	-66	102400	4096	-12.4635725	0.18674068	0.15624905	0.17064358	4.2002535E-4	0.0022278968	0.036203247	0.66194755	-0.6662099	1.3281574	1.1150229	3.4789631	3.8791237	4.2364902	1.6998087	0.009892447	7.664919E-4	24.072
2020-05-23 21:15:45	5	3616.8972	-63	-63	102400	4096	-12.433854	0.17998345	0.15184101	0.16508527	3.078644E-4	0.0019265205	0.03383985	0.593588	-0.5828494	1.1764374	1.1143097	3.2267914	3.5956447	3.9092731	1.6823514	0.009200718	6.851165E-4	24.056
2020-05-23 21:24:54	5	3613.3198	-65	-66	102400	4096	-12.43562	0.1881651	0.15750913	0.17154887	5.775983E-4	0.0024466715	0.03676452	0.74651915	-0.63871473	1.3852339	1.1177034	3.8933773	4.351641	4.739529	1.8101637	0.010236929	8.0582144E-4	24.26
2020-05-23 21:45:07	5	3562.9204	-65	-65	102400	4096	-12.434195	0.18471025	0.15389337	0.1681144	6.1239535E-4	0.0024823502	0.035654955	0.81199783	-0.6502729	1.4622707	1.1231947	4.300262	4.830032	5.276367	1.9526448	0.0108263325	9.198286E-4	24.692
2020-05-23 21:54:06	5	3606.6099	-63	-64	102400	4096	-12.410144	0.17692924	0.14908941	0.16265993	6.446244E-4	0.002047379	0.03302097	0.7198523	-0.6465455	1.3663979	1.1171573	3.9613984	4.425505	4.828326	1.8776673	0.009292534	7.1118405E-4	24.232
2020-05-23 22:04:03	5	3613.542	-65	-65	102400	4096	-12.423691	0.17430934	0.14691502	0.1596744	3.9676213E-4	0.0017381184	0.03156142	0.7915566	-0.6126487	1.4042053	1.11261	4.4555745	4.957317	5.387853	1.7448831	0.009166717	7.1246276E-4	24.252
2020-05-23 22:14:03	5	3614.8096	-65	-65	102400	4096	-12.436034	0.18549864	0.15550385	0.1693556	9.863024E-4	0.002572866	0.036012348	0.8610501	-0.6000552	1.4611053	1.1205369	4.5373545	5.0842733	5.5371623	1.983875	0.009632039	7.380713E-4	24.372
2020-05-23 22:24:03	5	3618.5374	-63	-63	102400	4096	-12.439257	0.17904052	0.15177147	0.16468418	5.3248025E-4	0.0019337811	0.03353208	0.7131304	-0.61507183	1.3282022	1.1119324	3.8943837	4.3302913	4.6987123	1.7198331	0.009822719	7.9058105E-4	24.092
2020-05-23 22:34:04	5	3617.3293	-63	-64	102400	4096	-12.442264	0.18133266	0.15260114	0.16603705	4.8696794E-4	0.0019543478	0.03416636	0.6779736	-0.61230385	1.2902775	1.1132541	3.667866	4.0832667	4.442782	1.6741891	0.009763981	7.7256025E-4	24.06
2020-05-23 22:45:46	5	3551.8342	-63	-63	102400	4096	-12.398128	0.18844055	0.15895544	0.17296539	5.314923E-4	0.002408961	0.03708313	0.81190246	-0.6316276	1.4435301	1.113343	4.216146	4.6940165	5.107736	1.7517697	0.010800035	9.0737926E-4	24.588
2020-05-23 22:53:32	5	3610.587	-63	-63	102400	4096	-12.425697	0.17976604	0.15008827	0.16404474	6.1985536E-4	0.0021852804	0.033869125	0.83099556	-0.63020325	1.4611988	1.1218626	4.515405	5.0656643	5.536712	1.9050186	0.009930498	7.915829E-4	24.06
2020-05-23 23:24:39	5	3622.0056	-59	-60	102400	4096	-12.496837	0.18765697	0.15749933	0.17170422	3.9771412E-4	0.0023428977	0.03670988	0.77132434	-0.65167505	1.4229994	1.115862	4.0257382	4.492169	4.897318	1.7385508	0.010471192	8.420378E-4	24.0
2020-05-23 23:54:39	5	3626.3271	-61	-61	102400	4096	-12.538234	0.1849119	0.1530528	0.16803713	5.018899E-4	0.0022940184	0.03563171	0.7945119	-0.64736736	1.4418793	1.1233448	4.2090306	4.728193	5.191097	1.806856	0.0109780105	9.3758426E-4	23.884
2020-05-24 00:24:36	5	3629.5217	-61	-62	102400	4096	-12.575653	0.18988104	0.15887098	0.17361367	3.8411256E-4	0.0024139576	0.037578847	0.6996968	-0.6851995	1.3848963	1.1165748	3.609426	4.0301943	4.4041824	1.7093961	0.010808141	8.896068E-4	23.928
2020-05-24 00:54:38	5	3630.6262	-61	-62	102400	4096	-12.621353	0.17652433	0.14796397	0.16152051	5.054601E-4	0.0018090298	0.03255187	0.70765096	-0.54442614	1.2520771	1.1170183	3.9222126	4.3811836	4.7825894	1.7072371	0.010463261	8.9142064E-4	23.516
2020-05-24 01:24:51	5	3633.3484	-61	-62	102400	4096	-12.653248	0.18160988	0.15157282	0.16609597	6.6119403E-4	0.0022067328	0.0345428	0.81591326	-0.66375345	1.4796667	1.1189731	4.390007	4.9123	5.3829784	1.8494163	0.010774771	9.2256145E-4	23.668
2020-05-24 01:54:45	5	3631.6765	-61	-62	102400	4096	-12.695151	0.1862937	0.15641874	0.17087239	5.0218415E-4	0.0022951718	0.036367077	0.8006077	-0.64115524	1.4417629	1.1160465	4.1982236	4.685413	5.1183615	1.7353952	0.011188718	9.689595E-4	23.044
2020-05-24 02:24:47	5	3632.158	-61	-61	102400	4096	-12.741032	0.19507423	0.16382252	0.17822933	4.6508334E-4	0.0026791836	0.039473906	0.65686977	-0.6331197	1.2899895	1.1147459	3.3061626	3.6855311	4.0096426	1.7194213	0.012514342	0.0011533027	22.996
2020-05-24 02:54:49	5	3632.2178	-61	-62	102400	4096	-12.787539	0.18283266	0.15282542	0.16714172	8.923064E-4	0.0022607557	0.034863472	0.8172097	-0.4158673	1.233077	1.1171217	4.376714	4.8893223	5.3473415	1.8599975	0.012199378	0.001167522	23.1
2020-05-24 03:54:36	5	3629.281	-61	-61	102400	4096	-12.873963	0.19302449	0.16090147	0.17575254	5.9830677E-4	0.002688086	0.038704686	0.7703084	-0.67150605	1.4418144	1.1193868	3.9154603	4.3829145	4.7874537	1.7943867	0.012743402	0.0012165982	22.88
2020-05-24 04:24:52	5	3630.4282	-59	-60	102400	4096	-12.943295	0.18403855	0.1548096	0.16861665	7.9737144E-4	0.0021635497	0.035263263	0.83984715	-0.45017472	1.2900219	1.113681	4.4723835	4.9808083	5.425033	1.7398902	0.013757822	0.0014705146	22.816
2020-05-24 04:54:36	5	3628.4058	-61	-62	102400	4096	-12.974876	0.18812235	0.1576369	0.17209822	6.2724855E-4	0.0023299046	0.03681893	0.7192911	-0.6276852	1.3469763	1.1149598	3.7486002	4.1795387	4.5629616	1.7186832	0.013419718	0.0013767577	22.312
2020-05-24 05:54:17	5	3629.8223	-59	-59	102400	4096	-13.006656	0.19142063	0.1611854	0.17531052	8.0117764E-4	0.0025550842	0.038112182	0.8082441	-0.63355887	1.441803	1.1135864	4.140098	4.610357	5.014375	1.7590475	0.014281269	0.0015245741	22.544
2020-05-24 06:24:16	5	3629.7722	-61	-61	102400	4096	-13.000144	0.1919958	0.16046149	0.17506362	8.2639896E-4	0.0026005208	0.03821285	0.8206953	-0.6400801	1.4607754	1.1166288	4.198336	4.6879826	5.1145935	1.7809078	0.013680502	0.0013923153	22.224
2020-05-24 06:54:16	5	3630.7087	-61	-62	102400	4096	-12.982487	0.18170828	0.15163362	0.16581546	8.680083E-4	0.0024356	0.034780618	0.84115046	-0.60063344	1.4417839	1.124718	4.5102963	5.072811	5.5472555	2.013406	0.012830721	0.0013087186	22.84
2020-05-24 07:24:17	5	3632.4436	-61	-61	102400	4096	-12.9484005	0.18819793	0.15768065	0.17202322	9.1354415E-4	0.0024853128	0.03694817	0.7694383	-0.55848545	1.3279238	1.1174018	4.002924	4.4728746	4.879726	1.8205189	0.012187685	0.0011335786	22.952
2020-05-24 07:54:17	5	3631.3474	-61	-61	102400	4096	-12.909411	0.18425554	0.15494177	0.16886353	8.1085804E-4	0.0025167305	0.035753466	0.8440737	-0.6546083	1.498682	1.1197555	4.46397	4.998555	5.4476833	1.9687947	0.012142284	0.0011526344	22.988
2020-05-24 08:24:21	5	3633.0906	-61	-62	102400	4096	-12.864576	0.18935391	0.15850757	0.17333601	7.6070416E-4	0.0025909075	0.037601724	0.83749396	-0.6421785	1.4796724	1.1187037	4.3189464	4.831621	5.2836213	1.8324678	0.011894288	0.0010753273	23.016
2020-05-24 08:54:47	5	3632.9785	-59	-60	102400	4096	-12.828283	0.19133355	0.16036764	0.17482394	9.4164687E-4	0.0027015181	0.038154937	0.8391205	-0.6215843	1.4607048	1.1173121	4.295849	4.7998033	5.23248	1.8556943	0.011675701	0.0010225624	23.572
2020-05-24 09:24:20	5	3629.796	-61	-62	102400	4096	-12.784321	0.19329241	0.16108763	0.17633992	6.089728E-4	0.0026345379	0.038908124	0.8135573	-0.6472171	1.4607744	1.1185863	4.124469	4.6135745	5.050402	1.740299	0.011292116	9.560079E-4	23.576
2020-05-24 09:54:24	5	3630.5159	-61	-62	102400	4096	-12.774614	0.1920954	0.16169326	0.17608097	7.198479E-4	0.0024824473	0.03843464	0.785009	-0.5050119	1.290021	1.1133944	4.0041766	4.4582276	4.854927	1.6804839	0.011832768	0.001048446	23.744
2020-05-24 10:04:52	5	3627.3875	-61	-62	102400	4096	-12.761495	0.18865095	0.15764	0.17189318	0.00101525	0.0026388725	0.03703871	0.8282416	-0.61361384	1.4418554	1.1196164	4.303572	4.8183503	5.254007	1.9235642	0.011435437	0.0010003851	23.936
2020-05-24 10:14:48	5	3621.0762	-63	-63	102400	4096	-12.751993	0.19457644	0.16267765	0.17763123	7.223958E-4	0.0026304182	0.039268114	0.7796585	-0.66233426	1.4419928	1.11558	3.9344532	4.389197	4.7926593	1.7058653	0.0116579	0.0010031938	23.576
2020-05-24 10:24:50	5	3619.3157	-63	-63	102400	4096	-12.734766	0.19305816	0.1611263	0.17588557	7.968212E-4	0.0026274174	0.03857351	0.81903607	-0.5660729	1.385109	1.116643	4.170215	4.6566415	5.083193	1.7658376	0.011030329	9.129248E-4	23.736
2020-05-24 10:34:52	5	3620.5793	-63	-63	102400	4096	-12.718435	0.19352883	0.16178457	0.17651477	6.414836E-4	0.0026769175	0.038835313	0.7649853	-0.7339399	1.4989252	1.1164322	3.8818583	4.333832	4.7284193	1.7749304	0.01106223	9.096224E-4	23.9
2020-05-24 10:44:50	5	3617.1946	-65	-65	102400	4096	-12.712906	0.18108314	0.15128386	0.1657318	2.8720673E-4	0.0021078845	0.03427465	0.77781874	-0.66425794	1.4420767	1.1170707	4.2013793	4.6932373	5.1414523	1.7943238	0.010002816	8.026155E-4	23.952
2020-05-24 11:05:23	5	3616.8804	-61	-61	102400	4096	-12.689965	0.19184674	0.1606164	0.17500183	6.6000276E-4	0.00254968	0.038082406	0.77379745	-0.6303373	1.4041348	1.1151149	3.9652002	4.4216537	4.817674	1.758073	0.010719511	8.63783E-4	23.96
2020-05-24 11:14:32	5	3612.7886	-65	-66	102400	4096	-12.679008	0.19284636	0.16146222	0.17619795	6.691952E-4	0.0025639015	0.038532175	0.7810774	-0.6041689	1.3852463	1.114066	3.9790764	4.432954	4.8375244	1.7268486	0.010850974	8.797146E-4	23.984
2020-05-24 11:24:33	5	3612.713	-63	-63	102400	4096	-12.665656	0.19163498	0.16054992	0.17481127	0.0010036007	0.0026396194	0.038087975	0.80566454	-0.5416312	1.3472958	1.116412	4.128196	4.6087675	5.0181556	1.8195565	0.011076416	9.2686265E-4	23.996
2020-05-24 11:34:28	5	3613.2925	-63	-64	102400	4096	-12.661927	0.19123048	0.15883608	0.17379335	5.221432E-4	0.002574691	0.037910055	0.7830626	-0.6211475	1.4042101	1.1203251	4.0217886	4.505711	4.930004	1.7914977	0.011305062	9.680044E-4	24.012
2020-05-24 11:44:34	5	3612.846	-63	-64	102400	4096	-12.640905	0.19738941	0.16352144	0.17921913	5.088386E-4	0.0028020712	0.040283788	0.742985	-0.6612346	1.4042196	1.1199039	3.7018166	4.145679	4.543655	1.7267066	0.01104035	8.924861E-4	24.108
2020-05-24 11:56:36	5	3546.863	-63	-63	102400	4096	-12.57537	0.1778368	0.14756443	0.1620614	4.2978278E-4	0.0021615874	0.03322189	0.81728053	-0.6643536	1.4816341	1.1246895	4.4839315	5.0430303	5.538466	1.9585023	0.010670102	9.2417945E-4	24.28
2020-05-24 12:04:25	5	3599.7869	-63	-64	102400	4096	-12.578563	0.17859894	0.14952968	0.16303775	6.4910616E-4	0.0020828496	0.033312414	0.7352184	-0.5364224	1.2716408	1.1194763	4.0282216	4.5094986	4.916873	1.8769197	0.009713564	7.655431E-4	24.128
2020-05-24 12:14:29	5	3607.1443	-61	-61	102400	4096	-12.58104	0.19280006	0.15839607	0.17460519	8.930748E-4	0.0029809515	0.038835973	0.77697843	-0.6842957	1.4612741	1.1286517	3.9426832	4.449916	4.9052887	1.9764533	0.010216562	7.862299E-4	24.284
2020-05-24 12:34:12	5	3612.7532	-51	-52	102400	4096	-12.566566	0.19388936	0.16077003	0.17622183	9.0488046E-4	0.0029142213	0.039213996	0.8394138	-0.62173635	1.4611502	1.1237271	4.2389235	4.763393	5.2212086	1.8951355	0.009939598	7.441322E-4	24.576
2020-05-24 12:44:45	5	3612.2566	-51	-52	102400	4096	-12.561982	0.19322754	0.15939856	0.17532739	6.8614795E-4	0.002810949	0.038746435	0.7967881	-0.66437256	1.4611607	1.1227062	4.047874	4.544573	4.998716	1.8723606	0.010025741	7.717716E-4	24.52
2020-05-24 12:54:48	5	3570.2961	-53	-53	102400	4096	-12.546193	0.18876562	0.1563925	0.17141142	5.285773E-4	0.0025598344	0.037181787	0.79241115	-0.66969174	1.4621029	1.1249297	4.1094666	4.6228604	5.06681	1.8516177	0.010351105	8.2287274E-4	24.852
2020-05-24 13:04:11	5	3606.436	-51	-51	102400	4096	-12.528515	0.17632198	0.14610109	0.16031656	3.8959732E-4	0.0019940592	0.032496177	0.74330324	-0.6041203	1.3474236	1.1244438	4.1233473	4.636472	5.0875955	1.8883108	0.008983018	6.655763E-4	24.612
2020-05-24 13:14:08	5	3608.6077	-53	-53	102400	4096	-12.531409	0.1952621	0.16243133	0.177668	7.0489955E-4	0.0027090574	0.039459057	0.82249516	-0.6577237	1.4802189	1.1180575	4.1405687	4.6293936	5.063648	1.7399019	0.010245857	7.782022E-4	24.628
2020-05-24 13:24:15	5	3611.657	-53	-54	102400	4096	-12.496319	0.18754706	0.15649426	0.17070787	7.446553E-4	0.0024357925	0.03656065	0.7120417	-0.57834643	1.2903881	1.1200913	3.723904	4.1711125	4.549954	1.8222688	0.009457032	6.988865E-4	24.688
2020-05-24 13:34:11	5	3613.8105	-51	-52	102400	4096	-12.470477	0.18906112	0.15784082	0.1723937	5.0735945E-4	0.0024315692	0.03709284	0.8004386	-0.603761	1.4041996	1.1171813	4.156071	4.643085	5.071176	1.7672846	0.009556924	7.025325E-4	24.908
2020-05-24 13:44:11	5	3614.8706	-51	-52	102400	4096	-12.465334	0.18342523	0.15255433	0.16733484	4.2002663E-4	0.0021547638	0.035163354	0.6626559	-0.6276693	1.2903252	1.120621	3.533808	3.9600594	4.343737	1.7426858	0.009037037	6.609222E-4	24.988
2020-05-24 13:55:13	5	3569.3484	-51	-52	102400	4096	-12.455097	0.17982206	0.14997056	0.16382502	7.765187E-4	0.0020790068	0.033645306	0.77709585	-0.5521068	1.3292027	1.1196493	4.2365503	4.74345	5.181656	1.8365676	0.009732219	7.6006714E-4	25.128
2020-05-24 14:04:05	5	3608.6755	-53	-53	102400	4096	-12.4434	0.179934	0.15089747	0.16446725	3.5778387E-4	0.002140772	0.03395579	0.75347495	-0.5559485	1.3094234	1.1204113	4.088951	4.581307	4.993291	1.8567045	0.008538169	5.9898786E-4	24.908
2020-05-24 14:24:02	5	3614.5767	-53	-53	102400	4096	-12.473247	0.18103428	0.15146372	0.16645454	5.924935E-4	0.0024879896	0.03544697	0.8412942	-0.61981493	1.4611092	1.1310816	4.468465	5.0541983	5.5544276	1.9801142	0.009010336	6.517585E-4	24.972
2020-05-24 14:34:02	5	3612.6453	-120	-53	102400	4096	-12.469951	0.18163629	0.15086819	0.16515183	8.137121E-4	0.002282278	0.034325015	0.8186831	-0.5286136	1.3472967	1.121817	4.418862	4.9571543	5.4264793	1.9370776	0.008910387	6.4162683E-4	24.768
2020-05-24 14:44:06	5	3613.4863	-51	-51	102400	4096	-12.470997	0.19026196	0.1584878	0.17311177	8.994903E-4	0.0027398758	0.03769983	0.80090135	-0.6033049	1.4042063	1.1216133	4.1248612	4.6264987	5.053395	1.9277562	0.009299546	6.707666E-4	24.984
2020-05-24 14:54:41	5	3563.64	-51	-52	102400	4096	-12.473969	0.18076964	0.15149044	0.16540383	5.9398497E-4	0.0019220306	0.033957977	0.7189708	-0.57237005	1.2913408	1.1141031	3.9015782	4.3467603	4.745981	1.6667737	0.009775775	7.810808E-4	24.956
2020-05-24 15:14:45	5	3613.2808	-53	-53	102400	4096	-12.461965	0.19006339	0.15929943	0.17341305	8.445781E-4	0.0025484783	0.037493534	0.77285695	-0.5744264	1.3472834	1.1165968	3.9913602	4.4567404	4.8515987	1.8128763	0.00990598	7.562386E-4	24.96
2020-05-24 15:23:51	5	3610.4924	-51	-52	102400	4096	-12.447008	0.17790948	0.1485759	0.16225764	4.4233983E-4	0.0020317452	0.033073958	0.7953599	-0.6658408	1.4612007	1.1208254	4.373414	4.9018335	5.3532233	1.8573632	0.008983331	6.573203E-4	24.84
2020-05-24 15:33:52	5	3611.9358	-53	-53	102400	4096	-12.434913	0.19026767	0.15869822	0.17320012	3.6651813E-4	0.0025534902	0.037599728	0.78351927	-0.6207204	1.4042397	1.1195518	4.0407066	4.5237803	4.937165	1.8061956	0.009371704	6.808476E-4	24.944
2020-05-24 15:43:28	5	3612.8357	-51	-52	102400	4096	-12.429643	0.18202887	0.15128423	0.16576643	8.209767E-4	0.0024776761	0.03468606	0.8163597	-0.682741	1.4991007	1.1235203	4.383329	4.924759	5.3961983	2.059371	0.00889812	6.4076163E-4	24.968
2020-05-24 15:54:36	5	3556.7263	-51	-50	102400	4096	-12.420737	0.18805248	0.15699497	0.1717879	6.5871625E-4	0.0024502615	0.036867443	0.77842253	-0.5510424	1.3294649	1.1177095	4.054095	4.5313	4.958264	1.8027122	0.010280095	8.128051E-4	25.092
2020-05-24 16:03:30	5	3604.5627	-53	-120	102400	4096	-12.393614	0.1827211	0.15201892	0.16686372	3.687735E-4	0.002283315	0.035079952	0.7598936	-0.6445034	1.404397	1.1224514	4.0571704	4.553977	4.9986777	1.8554438	0.009087525	6.5662095E-4	24.964
2020-05-24 16:13:30	5	3611.079	-53	-53	102400	4096	-12.389395	0.17864297	0.15004566	0.16382185	3.4242836E-4	0.0018863655	0.033369176	0.6809192	-0.5905032	1.2714224	1.1150669	3.7275443	4.1564612	4.5380797	1.6940838	0.008520848	6.0813944E-4	25.02
2020-05-24 16:44:06	5	3618.673	-51	-52	102400	4096	-12.38394	0.1883312	0.15677	0.17147757	8.209735E-4	0.0025355385	0.036971755	0.7716828	-0.6513881	1.4230709	1.1213152	4.01332	4.500197	4.922388	1.8549408	0.009097748	6.4091274E-4	25.108
2020-05-24 17:14:36	5	3625.5115	-51	-50	102400	4096	-12.387522	0.18765211	0.15579914	0.1709483	3.8024268E-4	0.0022788637	0.03661853	0.5867389	-0.60851735	1.1952562	1.119401	3.0661573	3.4322593	3.7659957	1.6994818	0.009007158	6.3309784E-4	24.836
2020-05-24 18:14:05	5	3628.0432	-51	-52	102400	4096	-12.34706	0.18626076	0.15565659	0.17027074	6.7275454E-4	0.0024088505	0.03644308	0.812328	-0.6105417	1.4228697	1.1211598	4.255238	4.770802	5.218719	1.8137592	0.008552074	5.8548286E-4	25.152
2020-05-24 19:44:37	5	3628.776	-51	-51	102400	4096	-12.333238	0.187943	0.1561904	0.17139964	6.146431E-4	0.0024208105	0.036938585	0.81760365	-0.6431927	1.4607964	1.1213217	4.254051	4.7701597	5.23466	1.7741907	0.008827459	6.076864E-4	25.004
2020-05-24 20:13:59	5	3626.1414	-51	-52	102400	4096	-12.321294	0.17905265	0.1481246	0.16264702	6.979284E-4	0.002129361	0.033563014	0.76725966	-0.59873384	1.3659935	1.1263785	4.1880503	4.71733	5.179826	1.8902853	0.00847026	5.854317E-4	25.072
2020-05-24 20:44:01	5	3628.9578	-53	-53	102400	4096	-12.307377	0.18685004	0.15525512	0.1702922	6.2183134E-4	0.0023743587	0.036604412	0.7538328	-0.6310749	1.3849077	1.1234971	3.94011	4.426702	4.855446	1.7720642	0.008939843	6.4194144E-4	24.98
2020-05-25 00:45:27	5	3634.2095	-69	-70	102400	4096	-12.353425	0.1841795	0.15247117	0.1674364	7.1481103E-4	0.0023230594	0.035369176	0.8387302	-0.60297835	1.4417086	1.1232142	4.459743	5.0092463	5.5009103	1.8569936	0.009697362	7.467157E-4	24.152
2020-05-25 01:15:58	5	3632.1619	-69	-70	102400	4096	-12.369917	0.18165693	0.15103734	0.1655276	9.139375E-4	0.002326891	0.03453933	0.7979577	-0.5489432	1.3469009	1.122759	4.293613	4.820693	5.2831817	1.9505099	0.009433932	7.21849E-4	24.1
2020-05-25 02:16:15	5	3625.255	-67	-68	102400	4096	-12.396514	0.18686649	0.15658127	0.17054443	4.5880294E-4	0.0023630292	0.036279116	0.78540903	-0.63752073	1.4229298	1.1168395	4.1235147	4.6053042	5.0159836	1.7953773	0.01017602	7.9698034E-4	24.016
2020-05-25 04:16:04	5	3626.2825	-69	-69	102400	4096	-12.452914	0.1696698	0.14269607	0.15558882	7.564192E-4	0.0019071415	0.030491011	0.7850725	-0.5809191	1.3659916	1.1222962	4.4959745	5.0458155	5.501711	2.0513475	0.009990013	8.5108366E-4	23.848
2020-05-25 05:15:33	5	3627.2192	-67	-67	102400	4096	-12.467029	0.18172237	0.15174113	0.16601188	5.3487846E-4	0.0021076265	0.03446353	0.79935044	-0.6425088	1.4418592	1.1182547	4.3058343	4.8150196	5.267856	1.7744924	0.010679528	9.098672E-4	23.876
2020-05-25 05:45:27	5	3625.8997	-69	-70	102400	4096	-12.455445	0.18182284	0.15277003	0.16604237	5.229741E-4	0.0020745115	0.034250945	0.76856446	-0.57846236	1.3470268	1.1145957	4.1528287	4.6287246	5.0308585	1.7683603	0.010617372	8.904756E-4	23.948
2020-05-25 06:16:09	5	3627.1003	-69	-69	102400	4096	-12.459779	0.1786477	0.1492364	0.16299994	5.0935126E-4	0.0022077945	0.033417728	0.8110521	-0.6877253	1.4987774	1.1215044	4.4367023	4.9757814	5.43468	1.9769917	0.010045329	8.1539736E-4	23.992
2020-05-25 06:45:34	5	3623.715	-69	-70	102400	4096	-12.462914	0.18128788	0.15223691	0.1662776	5.7917146E-4	0.0021155023	0.034375586	0.8135948	-0.5334768	1.3470716	1.1150422	4.388167	4.892991	5.344268	1.7902485	0.01038368	8.589147E-4	23.876
2020-05-25 07:15:37	5	3627.9856	-69	-70	102400	4096	-12.472697	0.18243247	0.15333289	0.1672622	8.4029423E-4	0.0023765776	0.03504804	0.8051538	-0.61771685	1.4228706	1.1192681	4.3007774	4.8137226	5.251018	1.9347482	0.010738207	9.136404E-4	23.664
2020-05-25 07:45:39	5	3629.0908	-67	-67	102400	4096	-12.488525	0.18370263	0.15292348	0.1672655	7.7444845E-4	0.0022848307	0.035160743	0.78323346	-0.62064284	1.4038763	1.1210439	4.1769786	4.682576	5.1217346	1.8481532	0.010921321	9.382438E-4	23.896
2020-05-25 08:15:37	5	3628.4216	-67	-68	102400	4096	-12.470781	0.18146709	0.15273272	0.16615845	5.54408E-4	0.0021389509	0.034293495	0.7843428	-0.5626325	1.3469753	1.1145086	4.235455	4.7204514	5.1353955	1.8187679	0.010467605	8.712539E-4	23.7
2020-05-25 08:45:44	5	3629.6206	-81	-81	102400	4096	-12.638204	0.1852111	0.15511416	0.16935496	3.823352E-4	0.002299216	0.035826586	0.8002067	-0.6226296	1.4228363	1.1176474	4.2276545	4.725027	5.1588244	1.7913027	0.0112166675	9.801307E-4	23.664
2020-05-25 16:47:08	5	3633.4438	-79	-79	102400	4096	0.006335703	0.18543246	0.8803714	0.9795787	0.6053513	3.0381286	1.2740078	2.6305027	-1.8084915	4.4389944	1.15225	2.3305194	2.6853411	2.9879467	1.871811	0.014864129	0.0017648094	22.088
2020-05-25 20:47:14	5	3633.3682	-55	-58	102400	4096	-10.564659	0.17793962	0.1539687	0.1771565	4.9397507E-4	0.004951663	0.04522832	0.8330072	-0.665629	1.4986362	1.2004613	3.9169095	4.702098	5.410237	2.4206398	0.016609427	0.002222913	21.516
2020-05-26 00:47:14	5	3633.209	-91	-92	102400	4096	-3.5641797	0.03544171	0.15353084	0.16926995	8.4290496E-4	0.0024383091	0.036531534	0.6996903	-0.60924846	1.3089387	1.1291564	3.6607652	4.1335764	4.5573273	1.8270608	0.0028071397	4.458406E-4	19.084
2020-05-26 20:47:29	5	3633.5718	-97	-97	102400	4096	0.8354777	0.19092253	0.5023227	0.5591192	0.07730743	0.31664813	0.41092646	1.5168053	-1.1959082	2.7127135	1.1465094	2.36618	2.7128475	3.0195837	1.8752048	0.0066536483	4.3891292E-4	27.736
2020-05-27 04:47:56	5	3633.1985	-93	-94	102400	4096	-3.9944537	0.19352235	0.19239849	0.22341649	2.4692403E-4	0.01398153	0.07451723	0.845412	-0.8049891	1.6504011	1.2218366	3.096992	3.7840178	4.394068	2.5179167	0.0110930195	9.267267E-4	23.98
2020-05-27 16:48:53	5	3632.0178	-85	-86	102400	4096	-6.883482	0.19430918	0.16051191	0.1761721	0.0010335363	0.0027650401	0.039146706	0.81293267	-0.6477931	1.4607258	1.1230795	4.108724	4.6144238	5.0646257	1.8043092	0.009072041	6.1933725E-4	25.196
2020-05-28 16:48:50	5	3632.3499	-87	-87	102400	4096	-8.353208	0.19465132	0.16019219	0.17592488	0.0012261472	0.0030137433	0.039417926	0.82196903	-0.6577201	1.4796891	1.128547	4.1400785	4.6722727	5.131143	1.939629	0.014015963	0.001443906	22.736
2020-05-30 16:48:16	5	3632.5376	-87	-87	102400	4096	-8.374035	0.18611035	0.15364279	0.1686422	7.500684E-4	0.002283829	0.036048874	0.7479658	-0.65583754	1.4038033	1.1258476	3.9394526	4.4352236	4.8682127	1.7574384	0.014386826	0.0015969162	22.208
2020-05-30 17:19:25	5	3626.3845	-87	-87	102400	4096	-8.35313	0.1883041	0.15604547	0.17108221	7.128743E-4	0.0024045126	0.03697008	0.6884138	-0.6965473	1.3849611	1.123881	3.5803409	4.023877	4.4116235	1.7592449	0.014270332	0.0015575843	22.196
2020-05-30 17:49:28	5	3626.7017	-85	-86	102400	4096	-8.3497095	0.18906479	0.15704517	0.1720079	7.4387615E-4	0.0023484083	0.037047453	0.5711975	-0.60506535	1.1762629	1.1190017	2.9676118	3.3207629	3.637154	1.711027	0.014570959	0.0016125344	22.352
2020-05-30 18:19:24	5	3625.6062	-87	-88	102400	4096	-8.339777	0.1895571	0.15697026	0.17180577	0.0014630405	0.0029660962	0.037561104	0.8646936	-0.67206246	1.536756	1.128058	4.461625	5.032972	5.508646	2.102367	0.014308711	0.0015494339	22.296
2020-05-30 18:49:27	5	3625.7415	-87	-88	102400	4096	-8.33505	0.18611133	0.1554589	0.1696491	8.2226825E-4	0.0021789025	0.035927106	0.7840923	-0.52499306	1.3090854	1.1172737	4.1367197	4.6218476	5.0437274	1.6880813	0.014171319	0.0015449801	22.46
2020-05-30 19:19:30	5	3625.1362	-87	-88	102400	4096	-8.322388	0.18819743	0.15599456	0.17100857	0.0011010229	0.0026054452	0.037049945	0.7713616	-0.6515701	1.4229317	1.1255789	4.0074143	4.5106606	4.944798	1.8980461	0.014171793	0.0015383431	22.612
2020-05-30 19:49:31	5	3624.0264	-87	-88	102400	4096	-8.311382	0.19112104	0.15751462	0.17308548	0.001009827	0.0027441331	0.03787288	0.8361208	-0.66272575	1.4988465	1.1243552	4.2964015	4.8306813	5.308211	1.9131474	0.014430329	0.0015679267	22.728
2020-05-30 20:19:34	5	3624.5254	-87	-88	102400	4096	-8.307285	0.19219644	0.1580403	0.1734931	9.090492E-4	0.002606307	0.0380487	0.81310767	-0.62880975	1.4419174	1.1243142	4.168484	4.686686	5.144939	1.8003043	0.014322445	0.0015253753	22.712
2020-05-30 20:49:37	5	3626.5852	-87	-88	102400	4096	-8.302655	0.18420595	0.15258169	0.16710652	9.322385E-4	0.0022590358	0.03524368	0.8656258	-0.6141916	1.4798174	1.1234331	4.610941	5.1800838	5.673196	1.8186983	0.014558003	0.0016483251	22.552
2020-05-30 21:19:33	5	3625.0134	-87	-88	102400	4096	-8.305052	0.17550685	0.14629163	0.1605623	5.4108317E-4	0.0018647907	0.03253891	0.5832597	-0.6309775	1.2142372	1.1234608	3.2334077	3.6326067	3.986966	1.7612625	0.013169694	0.0014225357	22.612
2020-05-30 21:49:34	5	3624.9607	-87	-88	102400	4096	-8.309126	0.18697348	0.15393299	0.16951287	0.0012754627	0.0026254335	0.036525875	0.8529415	-0.60793924	1.4608808	1.1274508	4.4629183	5.031721	5.5409923	1.9678853	0.013911085	0.0014958921	22.672
2020-05-30 22:19:37	5	3626.9958	-87	-88	102400	4096	-8.311303	0.1858779	0.15320916	0.16842334	7.740212E-4	0.002312678	0.035838146	0.77945954	-0.6813759	1.4608355	1.1240108	4.1173787	4.6279783	5.0875516	1.8006284	0.014291201	0.0015811238	22.592
2020-05-30 22:49:39	5	3625.6914	-87	-88	102400	4096	-8.314388	0.19008432	0.15761787	0.1727438	9.2019484E-4	0.0026041386	0.03762913	0.820342	-0.65949446	1.4798365	1.122948	4.228953	4.748894	5.2046256	1.8391438	0.013698574	0.001418725	22.724
2020-05-30 23:19:42	5	3626.0566	-87	-88	102400	4096	-8.308909	0.18732461	0.15461	0.16998348	8.374316E-4	0.0023285788	0.036388606	0.79593253	-0.60800815	1.4039407	1.1222148	4.172473	4.682411	5.1480017	1.758572	0.014398117	0.0015923918	22.432
2020-05-30 23:49:43	5	3626.543	-87	-88	102400	4096	-8.316922	0.18421192	0.15205424	0.16700916	6.4960285E-4	0.0023310315	0.0354429	0.7470838	-0.6758183	1.4229021	1.1272606	3.968302	4.4733105	4.913272	1.8556228	0.013868247	0.001496502	22.612
2020-05-31 00:19:46	5	3624.679	-87	-88	102400	4096	-8.318091	0.19274974	0.15968895	0.17501701	7.2327245E-4	0.0025718985	0.03853085	0.71009535	-0.6938744	1.4039698	1.1215639	3.6175318	4.0572934	4.4467406	1.7323542	0.014534744	0.0015712826	22.672
2020-05-31 00:49:49	5	3625.5974	-87	-87	102400	4096	-8.322122	0.18797779	0.15621662	0.17091314	7.6837675E-4	0.0023653673	0.036697507	0.80909246	-0.5569125	1.366005	1.1208379	4.223572	4.733939	5.179298	1.7564081	0.014713398	0.0016500668	22.452
2020-05-31 01:19:44	5	3625.8267	-87	-88	102400	4096	-8.32377	0.1894174	0.15526788	0.1708062	7.548654E-4	0.0025534104	0.037191175	0.69693285	-0.6500949	1.3470278	1.1290581	3.613857	4.080255	4.4885836	1.8460386	0.01384197	0.0014560731	22.452
2020-05-31 01:49:47	5	3624.4202	-120	-87	102400	4096	-8.326216	0.18197453	0.15079087	0.16563992	7.009502E-4	0.0022882666	0.034750875	0.8509985	-0.64783895	1.4988375	1.1254283	4.5650544	5.1376414	5.643568	1.8948514	0.013545948	0.0014566076	22.32
2020-05-31 02:19:55	5	3613.753	-87	-87	102400	4096	-8.335183	0.19250499	0.15954335	0.17468646	8.8667637E-4	0.0028170333	0.038555983	0.82080984	-0.6972451	1.518055	1.1240526	4.1801963	4.6987605	5.144745	1.8949966	0.017817292	0.0023711543	22.816
2020-05-31 02:49:56	5	3625.8208	-87	-88	102400	4096	-8.335045	0.19037819	0.15873887	0.17337279	6.713179E-4	0.0024311708	0.037603386	0.70820737	-0.6767657	1.384973	1.1184912	3.652136	4.084882	4.4614615	1.7193393	0.014297274	0.0015457632	22.544
2020-05-31 03:19:55	5	3625.9968	-87	-88	102400	4096	-8.336259	0.18905556	0.1568326	0.17163661	9.068057E-4	0.0024556725	0.037117593	0.6904697	-0.6375833	1.328053	1.1224835	3.5838904	4.0228577	4.4025903	1.7824233	0.014261372	0.0015411316	22.476
2020-05-31 03:50:01	5	3624.0288	-87	-88	102400	4096	-8.338114	0.18748654	0.1552093	0.16994776	0.0010750957	0.0023915467	0.036406215	0.8628523	-0.52215797	1.3850102	1.1227223	4.5221887	5.0771623	5.559282	1.804379	0.01377571	0.0014539219	22.108
2020-05-31 04:20:03	5	3623.6436	-87	-88	102400	4096	-8.341331	0.19143108	0.15768209	0.17311184	9.178909E-4	0.002721878	0.038048748	0.80910695	-0.6518024	1.4609094	1.1267911	4.147971	4.6738973	5.131254	1.88013	0.014242725	0.0015288568	22.288
2020-05-31 04:50:41	5	3517.3606	-87	-88	102400	4096	-8.311891	0.18522981	0.15517244	0.16927361	7.956362E-4	0.0022799054	0.035910714	0.80523324	-0.5440643	1.3492975	1.1194966	4.249224	4.7569923	5.18928	1.7679448	0.018014103	0.0025161214	22.98
2020-05-31 05:20:03	5	3621.405	-87	-88	102400	4096	-8.335043	0.18655479	0.15448292	0.16919036	6.281174E-4	0.002324554	0.036049705	0.8215392	-0.6204459	1.4419851	1.1222129	4.3269057	4.8557096	5.3179936	1.7886946	0.01439295	0.0015994324	22.46
2020-05-31 05:50:05	5	3621.229	-87	-88	102400	4096	-8.340823	0.19339107	0.1603352	0.17557481	0.0011510574	0.0029595618	0.039024778	0.80832577	-0.70955753	1.5178833	1.1251438	4.091817	4.6038823	5.0414743	1.94333	0.014920078	0.0016594221	22.604
2020-05-31 06:20:08	5	3622.5225	-89	-89	102400	4096	-8.347136	0.1906749	0.1576861	0.17322573	0.0010145606	0.002838584	0.038101614	0.8527322	-0.5892291	1.4419613	1.1268324	4.3685865	4.9226646	5.4077826	1.955307	0.014534102	0.0015866361	22.62
2020-05-31 06:50:09	5	3623.0393	-89	-89	102400	4096	-8.348252	0.18224566	0.15054944	0.16573422	9.5244264E-4	0.0023611463	0.034766663	0.7780146	-0.6639357	1.4419503	1.1250436	4.172595	4.694351	5.1678348	1.9534254	0.014058601	0.0015640337	22.628
2020-05-31 07:20:32	5	3625.28	-89	-89	102400	4096	-8.344482	0.18624572	0.1531879	0.16876034	7.672054E-4	0.0025634684	0.036340367	0.83141756	-0.6674013	1.4988189	1.1295989	4.3613863	4.926617	5.427436	1.9411063	0.014881236	0.0017017846	22.204
2020-05-31 07:50:10	5	3623.646	-89	-89	102400	4096	-8.344007	0.19193621	0.15849388	0.1737552	4.0369297E-4	0.002600712	0.03812295	0.41335437	-0.7060437	1.1193981	1.123713	2.117041	2.3789468	2.6080148	1.7894491	0.015543974	0.0018007472	22.184
2020-05-31 08:20:11	5	3622.6746	-89	-89	102400	4096	-8.347552	0.17677167	0.14642343	0.16089445	8.599189E-4	0.0020042036	0.03275907	0.8721388	-0.6646845	1.5368233	1.124928	4.8185883	5.4205647	5.956279	1.8675777	0.0136785405	0.0015251512	22.68
2020-05-31 08:50:13	5	3625.0745	-89	-89	102400	4096	-8.3426695	0.19199173	0.15933996	0.1746869	8.1113476E-4	0.0024380372	0.038259093	0.6208846	-0.61232454	1.2332091	1.1197137	3.1742678	3.554271	3.896603	1.6656011	0.015406635	0.0017694017	22.292
2020-05-31 09:20:16	5	3625.5093	-89	-89	102400	4096	-8.335537	0.1854538	0.15400681	0.16826452	7.1776845E-4	0.0022437177	0.035548378	0.7276367	-0.60042536	1.328062	1.1205142	3.8592658	4.324362	4.7247047	1.7755326	0.014133853	0.0015416103	22.56
2020-05-31 09:50:18	5	3623.4202	-89	-89	102400	4096	-8.332437	0.19380988	0.1589876	0.17505011	0.0012058617	0.0030738309	0.039191388	0.87608016	-0.6227807	1.4988608	1.1309228	4.4253592	5.0047393	5.510368	2.0012376	0.014665395	0.0015914203	22.316
2020-05-31 10:20:21	5	3622.5398	-89	-89	102400	4096	-8.327563	0.17703468	0.14746703	0.16163443	5.907597E-4	0.0019238889	0.032710183	0.7572685	-0.6467466	1.4040151	1.118942	4.1870527	4.685069	5.135172	1.7981007	0.014239579	0.0016470419	22.676
2020-05-31 10:50:17	5	3624.687	-89	-89	102400	4096	-8.325803	0.184981	0.15174256	0.16717666	5.686927E-4	0.0023727298	0.035769522	0.566027	-0.6671888	1.2332158	1.1313081	2.9928198	3.385801	3.7301793	1.8544793	0.014037106	0.0015344151	22.808
2020-05-31 11:20:19	5	3625.2563	-89	-90	102400	4096	-8.315698	0.19115737	0.1578393	0.17338829	8.681799E-4	0.0025547312	0.038009413	0.7836577	-0.62029916	1.4039569	1.1244129	4.0195813	4.519669	4.9649086	1.7683281	0.014779166	0.0016423397	22.772
2020-05-31 11:50:23	5	3623.444	-87	-88	102400	4096	-8.30403	0.17529075	0.14594592	0.1595009	8.2130067E-4	0.0019212628	0.03199667	0.8097302	-0.59426534	1.4039955	1.1214741	4.526765	5.0766497	5.5481524	1.8766237	0.012798592	0.001345071	22.832
2020-05-31 12:20:25	5	3622.0808	-89	-89	102400	4096	-8.293658	0.17549755	0.1441241	0.15880835	5.976897E-4	0.0019540184	0.03212706	0.7612574	-0.6427672	1.4040246	1.1286576	4.2471347	4.7935605	5.281957	1.8931571	0.0126403	0.0013078158	22.892
2020-05-31 12:50:28	5	3624.5693	-89	-89	102400	4096	-8.283393	0.18876876	0.1565051	0.17143916	7.7716605E-4	0.0025076764	0.037080985	0.77024716	-0.6526969	1.4229441	1.123222	3.9999492	4.4928308	4.921547	1.8237655	0.014603082	0.0016194212	22.904
2020-05-31 13:20:28	5	3622.2334	-87	-88	102400	4096	-8.275995	0.18658279	0.15543635	0.17017905	7.9562113E-4	0.0022822737	0.036352523	0.7246387	-0.54657006	1.2712088	1.1203692	3.8006182	4.2580957	4.6619644	1.7270252	0.013568712	0.0014180188	22.944
2020-05-31 13:50:30	5	3622.8271	-89	-89	102400	4096	-8.267708	0.19454995	0.16214979	0.17708653	0.0013450168	0.002993043	0.03937116	0.8112846	-0.51683134	1.3281159	1.1204786	4.0886893	4.5812893	5.0033035	1.9308857	0.013892451	0.0014237503	22.944
2020-05-31 14:20:33	5	3623.2622	-87	-88	102400	4096	-8.263383	0.1806787	0.14973678	0.16382535	8.031962E-4	0.0021919545	0.03396326	0.76906246	-0.615964	1.3850265	1.1249251	4.173082	4.6944046	5.1360955	1.9002589	0.013322695	0.0014144734	22.936
2020-05-31 14:50:31	5	3623.2024	-89	-89	102400	4096	-8.256294	0.18287382	0.15228936	0.16688377	0.0011109726	0.002587066	0.03538205	0.85683197	-0.6230603	1.4798923	1.1271389	4.5551653	5.134304	5.6263413	2.066529	0.013671925	0.0014710376	22.96
2020-05-31 15:20:32	5	3624.9568	-89	-89	102400	4096	-8.250059	0.19518808	0.16086943	0.17666467	9.624253E-4	0.0028655236	0.03954977	0.7749025	-0.5911158	1.3660183	1.125699	3.8965037	4.3862906	4.8169656	1.8319603	0.014236886	0.0014932641	22.78
2020-05-31 15:50:35	5	3623.75	-89	-89	102400	4096	-8.238393	0.1896069	0.15748987	0.17242578	6.7345856E-4	0.002522492	0.037365016	0.7820731	-0.69780725	1.4798803	1.121064	4.0458965	4.535709	4.9658628	1.806756	0.013857216	0.0014546845	22.968
2020-05-31 16:20:41	5	3624.055	-89	-89	102400	4096	-8.2343855	0.18041086	0.1499056	0.16440316	6.178073E-4	0.001999953	0.03381598	0.7211817	-0.6258823	1.347064	1.1185383	3.9217844	4.386666	4.8109055	1.7489438	0.013065392	0.0013623185	22.808
2020-05-31 17:20:41	5	3618.8142	-89	-89	102400	4096	-8.209915	0.18021375	0.15028778	0.16413279	0.0010478835	0.0021464857	0.0338218	0.7909886	-0.46131065	1.2522993	1.1204771	4.3010244	4.819199	5.26316	1.8764397	0.013490459	0.001452	23.028
2020-05-31 17:50:44	5	3623.1814	-87	-88	102400	4096	-8.211802	0.19223654	0.16031861	0.17501836	5.883748E-4	0.002504477	0.038206875	0.7743905	-0.61063784	1.3850284	1.1168302	3.96177	4.4246244	4.830322	1.7156711	0.01394328	0.0014515731	22.852
2020-05-31 18:20:45	5	3622.8394	-89	-89	102400	4096	-8.206845	0.19251777	0.16049632	0.17525022	8.202782E-4	0.0028430903	0.038724754	0.8073426	-0.634612	1.4419546	1.1228863	4.102641	4.606799	5.030287	1.8958907	0.0141260335	0.0014922917	22.784
2020-05-31 18:50:48	5	3623.762	-89	-89	102400	4096	-8.199334	0.18965405	0.15804559	0.1726067	8.966065E-4	0.002658384	0.03746781	0.81890684	-0.62302774	1.4419346	1.1214283	4.230633	4.744351	5.18146	1.893656	0.013973145	0.0014741555	23.032
2020-05-31 19:20:50	5	3624.2786	-87	-120	102400	4096	-8.2006	0.19004048	0.15747447	0.17228854	5.5017765E-4	0.0024314097	0.037316572	0.5735852	-0.64066535	1.2142506	1.1212294	2.969252	3.329213	3.6424012	1.7460418	0.013565573	0.0013831188	22.836
2020-05-31 19:50:52	5	3626.414	-87	-88	102400	4096	-8.198103	0.19252221	0.16108339	0.17548871	8.47818E-4	0.0026420886	0.03842925	0.83694303	-0.56698954	1.4039326	1.1170735	4.2693815	4.7692127	5.195713	1.7890545	0.013615162	0.0013821635	22.936
2020-05-31 20:20:56	5	3624.332	-87	-87	102400	4096	-8.191889	0.19293478	0.16107164	0.17599186	4.6486018E-4	0.0024792056	0.038659837	0.526936	-0.5924507	1.1193867	1.1172167	2.6799572	2.994093	3.2714386	1.6587942	0.013740919	0.0014013419	22.912
2020-05-31 20:50:57	5	3624.1438	-89	-89	102400	4096	-8.189194	0.1885487	0.1574895	0.17186356	8.288853E-4	0.0026420155	0.03718352	0.8277818	-0.6331166	1.4608984	1.1219964	4.2928	4.8165054	5.256108	1.9108843	0.0131594455	0.0013181223	22.972
2020-05-31 21:20:55	5	3626.5842	-89	-89	102400	4096	-8.187277	0.18472016	0.15485564	0.16867672	6.9450063E-4	0.0021419604	0.035448533	0.76921904	-0.55882204	1.3280411	1.116205	4.0855536	4.5603156	4.96733	1.7045703	0.013236239	0.0013673151	22.956
2020-05-31 21:51:02	5	3625.715	-89	-89	102400	4096	-8.18101	0.1771028	0.14802636	0.16172184	6.958694E-4	0.0021069767	0.032880206	0.7818275	-0.67903703	1.4608645	1.12124	4.3116517	4.834397	5.2816777	1.9489049	0.01195987	0.001158217	22.888
2020-05-31 22:21:03	5	3625.9084	-120	-88	102400	4096	-8.180046	0.19528365	0.1622898	0.177357	8.286985E-4	0.0026227527	0.03927341	0.8188295	-0.4523087	1.2711382	1.1173801	4.1318464	4.616843	5.0454774	1.7004352	0.012306889	0.0011196125	23.048
2020-05-31 22:51:01	5	3624.4443	-87	-88	102400	4096	-8.173018	0.19400266	0.1618779	0.17700976	5.3682545E-4	0.0027026702	0.03918261	0.81164014	-0.6302792	1.4419193	1.1182772	4.1003113	4.5852847	5.0139036	1.7603794	0.013274649	0.0013037239	23.096
2020-05-31 23:21:03	5	3624.2202	-87	-88	102400	4096	-8.18295	0.18687817	0.15611675	0.17026097	6.6868553E-4	0.0024239332	0.03629673	0.84051865	-0.677296	1.5178146	1.1189705	4.411778	4.9366493	5.3839107	1.839864	0.0128756175	0.0012707743	23.084
2020-05-31 23:51:07	5	3624.5256	-87	-88	102400	4096	-8.18067	0.19229154	0.15951215	0.17440203	7.624931E-4	0.0026033944	0.038127005	0.85724586	-0.67953545	1.5367813	1.119605	4.390248	4.9153438	5.3741727	1.7909132	0.013400136	0.0013360395	23.064
2020-06-01 00:21:08	5	3624.9482	-87	-88	102400	4096	-8.181984	0.18697546	0.15452921	0.16933198	9.80011E-4	0.002461066	0.03630509	0.7637443	-0.5833021	1.3470464	1.125239	4.008337	4.5103374	4.9423943	1.8671887	0.013329823	0.0013641065	23.036
2020-06-01 00:51:09	5	3624.731	-87	-88	102400	4096	-8.181071	0.18936603	0.15863529	0.17317435	4.9732527E-4	0.0024197602	0.037437987	0.70588887	-0.6411613	1.3470502	1.1173074	3.6482122	4.0761747	4.4497595	1.7264235	0.013228071	0.0013288993	22.964
2020-06-01 01:21:12	5	3626.5317	-87	-88	102400	4096	-8.18374	0.18626747	0.15623894	0.17000611	5.9950957E-4	0.0022149156	0.035974935	0.6897879	-0.6192817	1.3090696	1.1156693	3.6367679	4.0574303	4.4149556	1.7114221	0.012942616	0.0013003409	23.012
2020-06-01 01:51:15	5	3624.5845	-87	-88	102400	4096	-8.186647	0.17334387	0.14520133	0.15832166	7.757997E-4	0.0020207295	0.031594288	0.7683666	-0.6925223	1.4608889	1.1227006	4.32279	4.853199	5.2917323	2.0243752	0.0119475685	0.001185475	22.952
2020-06-01 02:21:18	5	3626.666	-87	-88	102400	4096	-8.18786	0.18919969	0.15745105	0.17180231	8.2794146E-4	0.0027716635	0.0372255	0.8267269	-0.7100048	1.5367317	1.1230298	4.284911	4.812083	5.250692	2.0001357	0.013212634	0.0013203253	22.94
2020-06-01 02:51:18	5	3624.7256	-87	-88	102400	4096	-8.1846285	0.1918922	0.16033854	0.17500685	8.160889E-4	0.0027471774	0.038507316	0.8422539	-0.6565769	1.4988308	1.1212864	4.2921157	4.812691	5.2529726	1.8526791	0.013675479	0.0014012774	23.064
2020-06-01 03:21:22	5	3624.7207	-85	-85	102400	4096	-8.191299	0.1845584	0.15487298	0.16865827	3.646119E-4	0.0022571597	0.035516147	0.5833085	-0.6688792	1.2521877	1.1173912	3.0951765	3.4585233	3.7663674	1.7894131	0.012983895	0.0013093689	22.936
2020-06-01 03:51:24	5	3624.1326	-87	-87	102400	4096	-8.202244	0.19142139	0.15977938	0.1742353	7.5589045E-4	0.002575303	0.038010117	0.68904865	-0.63904107	1.3280897	1.1189572	3.5342743	3.9547017	4.3125	1.7825013	0.013189726	0.0013114571	22.96
2020-06-01 04:21:26	5	3624.573	-87	-88	102400	4096	-8.202916	0.19022363	0.15897731	0.17325966	8.3367596E-4	0.0026063288	0.037557654	0.8605246	-0.63830954	1.4988341	1.1185406	4.4403176	4.9666758	5.412877	1.8477035	0.013693606	0.0014132785	23.008
2020-06-01 04:52:45	5	3535.664	-87	-87	102400	4096	-8.142576	0.18165448	0.15154228	0.16554916	7.928566E-4	0.002195083	0.03453081	0.7900954	-0.57780784	1.3679032	1.1224743	4.2518325	4.7725725	5.2136965	1.8409306	0.01511203	0.0018024498	23.628
2020-06-01 05:21:30	5	3619.7546	-87	-88	102400	4096	-8.191126	0.1880101	0.15743546	0.17153092	7.7230437E-4	0.0023166337	0.036695372	0.7912785	-0.61279523	1.4040737	1.1167687	4.1307006	4.613037	5.0260496	1.7204211	0.013616081	0.0014176957	22.944
2020-06-01 05:51:28	5	3620.3284	-87	-87	102400	4096	-8.203724	0.18594065	0.15545693	0.1699787	8.6311565E-4	0.0024203227	0.036333434	0.7470194	-0.6380681	1.3850875	1.1213953	3.9190307	4.3947825	4.8053145	1.8334132	0.0135965515	0.0014314973	22.924
2020-06-01 06:21:35	5	3622.3687	-87	-87	102400	4096	-8.213463	0.18859921	0.15701786	0.17181522	9.507181E-4	0.0029284332	0.037378483	0.8139073	-0.6849769	1.4988842	1.1252505	4.209826	4.737108	5.1835337	2.0960038	0.013401523	0.0013741011	22.8
2020-06-01 06:51:31	5	3623.3032	-87	-88	102400	4096	-8.221454	0.19096991	0.15823343	0.17348859	8.0057496E-4	0.0027220638	0.03809144	0.8409749	-0.67686117	1.5178361	1.1249747	4.3089294	4.8474364	5.3147736	1.8760463	0.013706917	0.0014129492	22.992
2020-06-01 07:21:33	5	3624.3442	-89	-89	102400	4096	-8.218535	0.19137324	0.1589928	0.1742071	6.429876E-4	0.0026518807	0.038190998	0.8002284	-0.66066617	1.4608946	1.1217979	4.094807	4.593546	5.033111	1.8181592	0.013162951	0.0013059272	22.956
2020-06-01 07:51:36	5	3626.0322	-87	-88	102400	4096	-8.220551	0.19361852	0.1595929	0.17515728	0.0011179176	0.0028934942	0.038996566	0.78345877	-0.6394543	1.4229131	1.127418	3.9673727	4.4728875	4.909108	1.9026983	0.01354294	0.0013648067	22.984
2020-06-01 08:21:40	5	3624.7017	-87	-88	102400	4096	-8.221146	0.17519245	0.14690414	0.16054966	4.704612E-4	0.0018971964	0.03239444	0.7459605	-0.60109115	1.3470516	1.1210523	4.144581	4.6462917	5.0778723	1.8078874	0.012340314	0.0012525017	23.008
2020-06-01 08:51:41	5	3624.6438	-87	-88	102400	4096	-8.217619	0.17727691	0.14791034	0.16181365	6.8934006E-4	0.0021689509	0.03301916	0.79934436	-0.6425707	1.441915	1.1229693	4.398969	4.939907	5.404249	1.9893795	0.012568019	0.0012821077	22.912
2020-06-01 09:21:42	5	3624.8782	-87	-88	102400	4096	-8.216344	0.18627472	0.15484269	0.16976634	7.7203364E-4	0.0023201657	0.03612056	0.74117804	-0.60586977	1.3470478	1.119504	3.8998268	4.365872	4.786652	1.7783207	0.0131516075	0.0013374814	22.9
2020-06-01 09:51:46	5	3627.2427	-89	-89	102400	4096	-8.213773	0.18663183	0.15405291	0.16966075	0.0010552434	0.0026255844	0.036585115	0.8337322	-0.60812706	1.4418592	1.1273813	4.3588743	4.9141135	5.411986	1.9616302	0.013140338	0.0013249122	22.964
2020-06-01 10:21:48	5	3625.2537	-87	-88	102400	4096	-8.207312	0.18279064	0.15373206	0.16732256	7.848937E-4	0.0022176784	0.03485765	0.8839672	-0.61485213	1.4988194	1.115821	4.7346416	5.283013	5.750051	1.8251661	0.012455525	0.0012257178	22.988
2020-06-01 10:51:47	5	3625.4294	-87	-87	102400	4096	-8.210685	0.18966073	0.15855108	0.17302316	5.9867074E-4	0.0024063587	0.03729142	0.7545536	-0.66837233	1.422926	1.1160926	3.9073799	4.3609977	4.759057	1.7303841	0.013357706	0.0013487914	22.932
2020-06-01 11:21:50	5	3625.3894	-87	-88	102400	4096	-8.201876	0.18936108	0.15741143	0.17199524	8.404337E-4	0.0025763207	0.037197806	0.7647121	-0.6771872	1.4418993	1.1213527	3.9649644	4.4461236	4.8580465	1.8619384	0.01334213	0.0013465671	23.048
2020-06-01 11:51:54	5	3625.4067	-87	-88	102400	4096	-8.193586	0.1905514	0.1582393	0.17301518	5.065066E-4	0.0023899092	0.03745428	0.5477291	-0.6285562	1.1762853	1.1185787	2.8301866	3.1657865	3.4613974	1.7036426	0.013297914	0.0013282797	23.076
2020-06-01 12:21:56	5	3626.6611	-87	-88	102400	4096	-8.182061	0.19146234	0.15953544	0.17427635	7.874588E-4	0.002773905	0.038267184	0.82092786	-0.67785954	1.4987874	1.1224701	4.1965437	4.710495	5.14574	1.8942558	0.013774816	0.0014175433	23.004
2020-06-01 12:51:58	5	3625.944	-87	-88	102400	4096	-8.1705	0.18438627	0.15361746	0.16783908	6.1271107E-4	0.0022840407	0.03543779	0.8472316	-0.6515715	1.4988031	1.1216058	4.5005836	5.0478806	5.515204	1.8187398	0.012864408	0.0012843983	23.148
2020-06-01 13:52:04	5	3626.3904	-91	-91	102400	4096	-8.1347475	0.18370321	0.15272953	0.16729197	8.596963E-4	0.0024170245	0.035384838	0.7925563	-0.5734329	1.3659892	1.1244328	4.2132916	4.737563	5.1892805	1.9303969	0.012744036	0.001275143	23.152
2020-06-01 14:22:01	5	3624.9072	-55	-56	102400	4096	-1.7710007	0.17598382	0.14569081	0.1603128	6.018727E-4	0.002071055	0.03293351	0.68956864	-0.6385058	1.3280745	1.1320114	3.7997801	4.3013945	4.733096	1.9094821	0.009347169	7.2685117E-4	24.44
2020-06-01 14:52:08	5	3626.2122	-77	-78	102400	4096	-2.6162212	0.18308586	0.1528028	0.17088175	6.7634723E-4	0.0033282016	0.03919077	0.7759254	-0.72287214	1.4987975	1.1585004	3.9194767	4.540715	5.077953	2.1669157	0.00841022	5.7305576E-4	25.92
2020-06-01 15:22:10	5	3627.8955	-79	-80	102400	4096	-2.832564	0.17910722	0.14920814	0.16408491	5.37172E-4	0.002182019	0.034341246	0.80259854	-0.5254163	1.3280149	1.1293782	4.3310213	4.891361	5.379053	1.8502328	0.0075131957	4.764388E-4	26.088
2020-06-01 15:52:18	5	3628.2139	-77	-77	102400	4096	-2.3018982	0.17394519	0.14290822	0.15764979	8.090031E-4	0.0020653056	0.032095898	0.84108895	-0.63869184	1.4797808	1.1364003	4.694801	5.3351736	5.8855186	2.0048656	0.0075420393	4.9709075E-4	26.0
2020-06-01 16:22:20	5	3626.8345	-85	-86	102400	4096	-1.4606636	0.18509918	0.18758422	0.22007245	-0.0038915325	0.013511398	0.07280482	1.005337	-0.70213795	1.707475	1.2260675	3.725903	4.5682087	5.35939	2.5490594	0.008444724	6.1453757E-4	25.964
2020-06-01 16:53:04	5	3531.2476	-81	-82	102400	4096	-3.2716439	0.18503703	0.15410818	0.17037868	8.814347E-4	0.002720957	0.037566263	0.7256456	-0.6423537	1.3679993	1.1375847	3.7439115	4.2590165	4.7086763	1.9280828	0.009009501	6.4685545E-4	26.36
2020-06-01 17:22:30	5	3623.8342	-83	-84	102400	4096	-3.2471325	0.18919402	0.15654008	0.17341651	8.1578415E-4	0.0031471457	0.03927955	0.761696	-0.6992098	1.4609058	1.1428595	3.843248	4.392292	4.865821	2.0397823	0.007682761	4.993617E-4	26.748
2020-06-01 17:52:37	5	3626.2375	-85	-85	102400	4096	-2.9962182	0.1832311	0.1517316	0.16768283	6.1332044E-4	0.002562623	0.03632307	0.7385367	-0.5705391	1.3090758	1.136587	3.875081	4.404367	4.8673887	1.9423146	0.006794478	4.2040428E-4	27.668
2020-06-01 18:22:45	5	3627.5427	-85	-85	102400	4096	-2.6932137	0.1787724	0.14608294	0.16299951	9.018738E-4	0.002703674	0.035009064	0.83398306	-0.70272803	1.5367111	1.1478997	4.45725	5.1164756	5.7089696	2.205938	0.006199875	3.8042787E-4	28.04
2020-06-01 18:52:48	5	3628.1665	-87	-88	102400	4096	-3.151549	0.18382971	0.14988117	0.16579667	7.304695E-4	0.0024176515	0.0354375	0.7231889	-0.6427636	1.3659525	1.1354179	3.8416712	4.361902	4.8250813	1.9251634	0.006010953	3.2118004E-4	28.636
2020-06-01 19:22:54	5	3628.6807	-87	-88	102400	4096	-3.2228482	0.16827962	0.13901503	0.15308718	7.178793E-4	0.0016210296	0.029757736	0.7186212	-0.51452094	1.2331421	1.126837	4.165816	4.6941957	5.169378	1.8305902	0.0055852775	3.0175372E-4	28.436
2020-06-01 21:52:51	5	3626.1553	-87	-88	102400	4096	-2.962817	0.1870029	0.15356092	0.16911572	7.199334E-4	0.0024289598	0.03640081	0.7620491	-0.62291706	1.3849661	1.1281621	3.994178	4.5060806	4.96252	1.833151	0.0072242185	4.2935065E-4	26.96
2020-06-01 22:23:32	5	3625.9807	-87	-88	102400	4096	-3.0929065	0.18766682	0.15420903	0.17030944	0.0010574206	0.0026900733	0.037146	0.79727197	-0.6066699	1.4039419	1.1316634	4.1366663	4.681314	5.170073	1.9495757	0.0076968954	4.810909E-4	26.908
2020-06-01 22:53:23	5	3623.0962	-87	-88	102400	4096	-3.1972117	0.1861221	0.15399559	0.16906367	7.886756E-4	0.002385287	0.03631963	0.76866645	-0.57841736	1.3470838	1.1272504	4.033362	4.5466094	4.9914837	1.8082474	0.0075716604	4.6506457E-4	26.296
2020-06-01 23:53:40	5	3627.5955	-87	-87	102400	4096	-3.350895	0.18897109	0.15733477	0.1723535	7.9871673E-4	0.0026815273	0.03760117	0.80868363	-0.6711111	1.4797947	1.1250726	4.1704025	4.6920056	5.1398916	1.8966165	0.0081189815	5.2781805E-4	26.0
2020-06-02 00:23:18	5	3623.237	-87	-88	102400	4096	-3.390455	0.17233531	0.14269377	0.15677506	8.198988E-4	0.0018086038	0.03126984	0.6393742	-0.6128419	1.2522161	1.1279396	3.6156988	4.07829	4.4807434	1.8496606	0.0075546345	5.021895E-4	26.024
2020-06-02 00:53:17	5	3625.1133	-87	-88	102400	4096	-3.4380171	0.19129924	0.15797238	0.17367898	0.0011291368	0.00282666	0.03832292	0.78187644	-0.584139	1.3660154	1.1271509	3.9940069	4.501848	4.94945	1.9246702	0.008376539	5.391433E-4	26.012
2020-06-02 01:53:26	5	3628.528	-91	-91	102400	4096	-4.11306	0.18282172	0.15067191	0.16597871	0.0010402167	0.00251368	0.035336576	0.77408296	-0.6108338	1.3849168	1.1325564	4.1178946	4.6637483	5.13754	2.01308	0.008570499	5.891182E-4	25.848
2020-06-02 02:23:32	5	3627.6807	-89	-90	102400	4096	-4.3894663	0.17916965	0.14783022	0.16217518	6.980098E-4	0.0020866792	0.03348114	0.727928	-0.6759781	1.4039061	1.128277	3.9782152	4.4885287	4.9240813	1.8614664	0.009132558	6.7752355E-4	25.124
2020-06-02 02:53:34	5	3628.6047	-89	-90	102400	4096	-4.7287006	0.17555162	0.14427061	0.15873452	8.468877E-4	0.0020390071	0.0321974	0.82058406	-0.6022737	1.4228578	1.130418	4.5731206	5.1695375	5.6878114	1.9668766	0.009468741	7.469663E-4	24.26
2020-06-02 03:23:40	5	3627.7288	-89	-89	102400	4096	-5.0933146	0.17475517	0.14574118	0.15942195	3.7971363E-4	0.0018011571	0.03191646	0.6918829	-0.5981919	1.2900748	1.1206222	3.8728018	4.3399477	4.74734	1.7681627	0.010570587	9.314612E-4	23.996
2020-06-02 03:53:54	5	3628.961	-89	-89	102400	4096	-5.373682	0.1873251	0.15603405	0.17040841	6.2447955E-4	0.002472987	0.036418337	0.8015901	-0.5453752	1.3469653	1.1198736	4.200416	4.703935	5.1372766	1.8645825	0.01252905	0.001204072	23.42
2020-06-02 04:24:12	5	3627.094	-89	-89	102400	4096	-5.49545	0.18281427	0.15231335	0.16644716	4.2219175E-4	0.0021340498	0.03477288	0.714539	-0.57554775	1.2900867	1.1203247	3.8318243	4.2928877	4.691243	1.7649127	0.01232842	0.0011909411	23.748
2020-06-02 05:23:47	5	3623.5933	-87	-88	102400	4096	-5.4951515	0.17578831	0.14714125	0.16057208	4.996517E-4	0.0019315332	0.03227448	0.7329616	-0.6520582	1.3850198	1.1188184	4.0799193	4.5646887	4.981347	1.8543155	0.01135974	0.0010526616	23.784
2020-06-02 05:53:47	5	3625.7263	-89	-89	102400	4096	-5.479569	0.18534777	0.15385747	0.16872002	5.234622E-4	0.0022870044	0.035872012	0.73650414	-0.66744274	1.4039469	1.1225643	3.8886364	4.3652444	4.786925	1.7772785	0.011884279	0.0010960842	23.744
2020-06-02 06:23:50	5	3626.1003	-89	-89	102400	4096	-5.449922	0.19351918	0.16043285	0.17557043	8.155251E-4	0.002720005	0.038716495	0.83968914	-0.48836148	1.3280506	1.1207187	4.2674704	4.782634	5.233898	1.8145865	0.012385798	0.0011344816	23.792
2020-06-02 06:53:51	5	3626.605	-89	-89	102400	4096	-5.4350586	0.18238613	0.15247521	0.16621804	4.7026903E-4	0.0022061628	0.034595266	0.80588883	-0.63598377	1.4418726	1.1190002	4.332782	4.8483834	5.285376	1.8433348	0.011456745	0.001032989	23.952
2020-06-02 07:23:57	5	3626.4824	-89	-89	102400	4096	-5.4134707	0.18893972	0.15754463	0.17210667	5.1592686E-4	0.002531624	0.037207082	0.8222361	-0.6955275	1.5177636	1.1207664	4.2626896	4.7774796	5.2190676	1.8287232	0.011765892	0.0010547282	23.956
2020-06-02 07:53:58	5	3626.577	-89	-89	102400	4096	-5.4039307	0.1897997	0.15706605	0.17199714	5.7436124E-4	0.0025102703	0.03724992	0.7937308	-0.64814276	1.4418736	1.1221255	4.112544	4.6147904	5.053484	1.8091301	0.011911784	0.0010714193	23.976
2020-06-02 08:24:01	5	3628.1545	-87	-88	102400	4096	-5.3860583	0.19075131	0.15793088	0.1733943	5.570334E-4	0.002657345	0.037941307	0.8328824	-0.68484306	1.5177255	1.1233661	4.2759	4.8034015	5.273715	1.8459646	0.0123432325	0.0011463112	23.856
2020-06-02 08:54:04	5	3628.446	-89	-89	102400	4096	-5.5460787	0.1826186	0.15129417	0.16587049	0.0010059401	0.002375735	0.034822162	0.82217926	-0.6386247	1.460804	1.1250161	4.4059405	4.956754	5.434309	1.9592351	0.011254461	0.0010023295	23.772
2020-06-02 09:24:09	5	3627.375	-89	-90	102400	4096	-5.6073494	0.17547874	0.14707924	0.16034313	4.1665186E-4	0.0018249117	0.03215036	0.78851503	-0.5964256	1.3849406	1.1182594	4.3976135	4.917673	5.361158	1.76551	0.010719754	9.5110387E-4	23.972
2020-06-02 09:54:08	5	3628.3748	-91	-91	102400	4096	-5.6117067	0.18978176	0.15708458	0.17223972	4.6841335E-4	0.0024749658	0.037447948	0.69808733	-0.629918	1.3280053	1.1235198	3.6074119	4.0529985	4.4440217	1.7648718	0.011288861	9.634042E-4	23.66
2020-06-02 10:24:10	5	3627.347	-89	-90	102400	4096	-5.619811	0.18406741	0.15376663	0.1678544	6.12014E-4	0.0021977627	0.035182636	0.8199468	-0.6029381	1.422885	1.1174586	4.3714094	4.884869	5.332411	1.7755138	0.011475261	0.0010280302	23.972
2020-06-02 10:54:13	5	3628.889	-89	-120	102400	4096	-5.6437287	0.18481429	0.15408881	0.16841078	6.2920456E-4	0.002342381	0.03558452	0.8250037	-0.6927046	1.5177083	1.1201099	4.3734617	4.8987584	5.3540792	1.8498449	0.011619579	0.0010530836	23.588
2020-06-02 11:24:14	5	3627.8105	-83	-83	102400	4096	-5.9315495	0.19237843	0.15920047	0.17455785	6.2109216E-4	0.0025263808	0.038380776	0.69536996	-0.65161824	1.3469882	1.1223221	3.5494337	3.9836078	4.367889	1.7150286	0.01357383	0.0013741023	23.36
2020-06-02 11:54:17	5	3628.2058	-83	-84	102400	4096	-6.007618	0.19345044	0.1612491	0.17591102	5.6790304E-4	0.002587212	0.03868848	0.6386689	-0.6513969	1.2900658	1.118144	3.2470195	3.6306357	3.9607592	1.7284971	0.014757205	0.0016109737	22.984
2020-06-02 12:24:20	5	3628.7766	-83	-83	102400	4096	-6.0226192	0.19182634	0.1594495	0.17432714	5.831384E-4	0.0027627116	0.038232625	0.8434303	-0.6932523	1.5366826	1.1216363	4.313523	4.838204	5.2896385	1.8900241	0.014287605	0.0015342875	22.976
2020-06-02 12:54:24	5	3627.4707	-83	-83	102400	4096	-5.9139466	0.19247581	0.15938292	0.17457075	9.6458977E-4	0.0027258133	0.038470715	0.8295143	-0.5364525	1.3659668	1.1235532	4.229205	4.751737	5.204537	1.8417706	0.013407298	0.0013415664	23.352
2020-06-02 13:24:26	5	3627.4104	-83	-84	102400	4096	-5.7724185	0.18937755	0.1594514	0.17357689	5.4974377E-4	0.0023050518	0.037359864	0.5551792	-0.60209936	1.1572785	1.1135526	2.872305	3.1984627	3.4818082	1.6514679	0.011898799	0.001074293	23.392
2020-06-02 13:54:26	5	3628.6636	-83	-84	102400	4096	-5.6751833	0.18599369	0.15430555	0.16922823	7.198495E-4	0.002445104	0.03616321	0.81849897	-0.6233288	1.4418278	1.1237266	4.304123	4.8366575	5.3044043	1.869663	0.011757814	0.0010738969	23.648
2020-06-02 14:24:31	5	3627.634	-120	-84	102400	4096	-5.792927	0.18340577	0.15250054	0.1670054	8.56639E-4	0.0023097186	0.035143416	0.7464506	-0.6384843	1.3849349	1.1225132	3.9817967	4.4696193	4.8947406	1.8701272	0.01261793	0.0012457605	23.536
2020-06-02 14:54:30	5	3627.5813	-83	-120	102400	4096	-5.996081	0.19172116	0.15788488	0.17392674	7.1051216E-4	0.0027225693	0.038376752	0.797827	-0.6440246	1.4418516	1.1263354	4.072627	4.587144	5.05322	1.8485982	0.01482816	0.0016532709	22.888
2020-06-02 15:24:37	5	3628.842	-83	-84	102400	4096	-6.064896	0.18873644	0.15734956	0.17177731	7.2680286E-4	0.0024021084	0.036982205	0.7718836	-0.5750836	1.3469672	1.1195167	4.0137973	4.493513	4.905534	1.7563337	0.014572702	0.0016094104	22.696
2020-06-02 15:54:37	5	3627.747	-83	-84	102400	4096	-6.027807	0.19963998	0.16489847	0.18088557	5.636367E-4	0.0030559166	0.04132717	0.8105946	-0.6502246	1.4608192	1.1238644	3.9873638	4.4812565	4.9157195	1.7892463	0.015171742	0.0016597419	22.9
2020-06-02 17:24:38	5	3622.9885	-71	-71	102400	4096	5.896243	0.1867608	0.15407741	0.17488211	3.0499953E-4	0.0039697695	0.042630162	0.74432135	-0.58379173	1.3281131	1.1806281	3.6049728	4.256132	4.830827	2.1843958	0.0087281205	8.713055E-4	26.392
2020-06-02 17:54:55	5	3624.4465	-83	-84	102400	4096	-9.318935	0.2507264	0.5016222	0.5724005	-0.048878074	0.48102272	0.46333414	1.8626941	-1.8749129	3.737607	1.1891787	2.7364933	3.2541797	3.7133408	2.2406652	0.012176135	0.0015836345	32.016
2020-06-02 18:25:02	5	3625.9688	-85	-85	102400	4096	-10.541191	0.25687072	0.4400729	0.50711036	-0.023255639	0.3211744	0.37232652	1.8709005	-1.5440937	3.4149942	1.2032602	3.0661168	3.689336	4.2513423	2.3168235	0.012993879	0.0019069655	31.468
2020-06-02 18:55:09	5	3628.971	-83	-84	102400	4096	-11.237737	0.24691483	0.41760027	0.47742483	-0.006027719	0.23983352	0.32412985	1.4864707	-1.5299716	3.0164423	1.1924894	2.6109397	3.1135178	3.5595539	2.282821	0.013256408	0.0019129153	30.028
2020-06-02 19:25:42	5	3628.1418	-83	-83	102400	4096	-11.028221	0.29402184	0.49711058	0.56836563	-0.066854574	0.4894331	0.46108764	1.7700946	-1.8534749	3.6235695	1.194714	2.6067822	3.1143591	3.5607665	2.3021116	0.013800714	0.0017746477	30.712
2020-06-02 21:25:46	5	3629.0542	-83	-84	102400	4096	-12.054429	0.27387998	0.38757858	0.4497732	-0.012184674	0.23752463	0.30187884	1.9996343	-1.7756562	3.7752905	1.2215824	3.6394372	4.4458723	5.1593003	2.6064136	0.014094748	0.0017567389	28.492
2020-06-02 21:55:54	5	3628.742	-83	-84	102400	4096	-11.831622	0.25849771	0.42595026	0.48949683	-8.135009E-4	0.28411996	0.3464858	1.7957518	-1.5811565	3.3769083	1.2025214	3.0507288	3.668567	4.215872	2.3666327	0.013479615	0.0018089968	29.344
2020-06-02 22:56:08	5	3629.763	-85	-85	102400	4096	-11.902462	0.2717823	0.35778877	0.4209158	-0.010097464	0.19694495	0.2717723	1.6580633	-1.6618801	3.3199434	1.2385324	3.180523	3.9391806	4.6341963	2.6664565	0.01411126	0.0018473705	29.036
2020-06-02 23:27:19	5	3629.5393	-83	-84	102400	4096	-11.520527	0.25708592	0.4008631	0.45787355	-0.0056427266	0.19673836	0.2967484	1.5037476	-1.3988413	2.9025888	1.1897306	2.7604554	3.2841983	3.7512743	2.2341497	0.013254034	0.001726875	30.0
2020-06-02 23:56:40	5	3625.8262	-85	-85	102400	4096	-11.6795845	0.2543182	0.39684257	0.46007583	-0.022080628	0.23523176	0.31155396	1.662247	-1.7148101	3.377057	1.2132134	2.978029	3.612985	4.188681	2.4234242	0.013825656	0.002030844	29.924
2020-06-03 00:26:32	5	3628.415	-85	-85	102400	4096	-11.4947605	0.24423108	0.36419633	0.42290312	-0.020835359	0.18349555	0.267433	1.4208977	-1.4817407	2.9026384	1.2228315	2.7476115	3.359866	3.901461	2.5656393	0.011509662	0.0015245517	30.0
2020-06-03 01:27:21	5	3628.7056	-83	-84	102400	4096	-11.646815	0.2525512	0.39184362	0.45284912	-0.02094866	0.21372645	0.2984653	1.4591686	-1.6331719	3.0923405	1.2064058	2.6709056	3.2221959	3.7238543	2.3992224	0.012689333	0.0016235629	29.996
2020-06-03 01:57:27	5	3626.79	-83	-84	102400	4096	-11.302191	0.2458353	0.42715162	0.4920985	-0.04222821	0.27980667	0.34936365	1.5126617	-1.6177113	3.130373	1.2011211	2.5591924	3.0739002	3.5412757	2.2924645	0.012837681	0.0016242883	30.012
2020-06-03 02:27:14	5	3628.4087	-83	-84	102400	4096	-11.758644	0.23357703	0.47668526	0.5405865	-0.053413056	0.35090318	0.40537536	1.6278665	-1.7870028	3.4148693	1.1777781	2.556761	3.0112972	3.4149716	2.1353676	0.01132253	0.0013794954	29.896
2020-06-03 05:01:39	5	3542.4846	-83	-84	102400	4096	-11.313594	0.25534746	0.49318084	0.56198174	-0.05505114	0.4404023	0.4451483	1.7582996	-1.7750695	3.533369	1.1872172	2.6353633	3.1287487	3.5652227	2.2224917	0.012574056	0.00155874	30.208
2020-06-03 06:28:08	5	3628.0486	-85	-85	102400	4096	-11.501425	0.2542719	0.48393667	0.54956	-0.039431266	0.3695353	0.4191583	1.8069377	-1.7217793	3.528717	1.1780776	2.7909634	3.2879715	3.733831	2.103293	0.012607605	0.0016844299	30.0
2020-06-03 07:28:25	5	3627.442	-85	-85	102400	4096	-11.524178	0.23902716	0.46792236	0.5322083	-0.053161774	0.3370716	0.3953316	1.7347455	-1.7560601	3.4908056	1.1814058	2.759021	3.2595232	3.707336	2.1567466	0.0109228045	0.0012959711	30.0
2020-06-03 08:00:31	5	3628.6936	-85	-85	102400	4096	-11.187215	0.26980308	0.5226382	0.5850992	-0.07034487	0.42599893	0.46103305	1.5876795	-1.6943754	3.282055	1.1604769	2.3382816	2.713522	3.0378175	2.0042155	0.01358388	0.0017725967	30.372
2020-06-03 08:28:48	5	3623.9404	-83	-84	102400	4096	-11.013753	0.23810941	0.45346043	0.5098108	-0.052385885	0.26216343	0.35486826	1.356613	-1.5651933	2.9218063	1.1684887	2.2773113	2.6610126	2.99169	2.081794	0.011862128	0.0016728853	30.852
2020-06-03 09:29:17	5	3628.7996	-85	-86	102400	4096	-11.320561	0.26708546	0.47154632	0.5349983	-0.067900196	0.35967028	0.40099108	1.5882424	-1.7696925	3.357935	1.1836272	2.5081265	2.9686866	3.3681576	2.236841	0.01391834	0.0017976989	30.248
