2020-05-23 10:20:05	5	3566.442	-93	-94	6400	4096	-12.628551	0.024102429	0.022487076	0.02982405	4.599233E-5	1.4070806E-4	0.0019408234	0.5892206	-0.6450953	1.2343159	1.49126	13.248231	19.756557	26.202631	35.961594	0.039626237	0.6405109	26.004
2020-05-23 10:30:45	5	3554.6055	-65	-66	6400	4096	-12.628213	0.024333432	0.023788217	0.030209636	8.239531E-5	1.2717769E-4	0.0019834877	0.52967966	-0.59090674	1.1205864	1.4876207	11.786247	17.533466	22.26647	31.178843	0.04795868	0.7570456	26.016
2020-05-23 11:09:23	5	3575.7983	-67	-68	6400	4096	-12.659914	0.027665766	0.027044524	0.032635495	1.3090578E-4	1.7306882E-4	0.0022917222	0.60334694	-0.5358561	1.1392031	1.4785508	12.503761	18.487446	22.309395	31.923687	0.04627713	0.51979434	24.916
2020-05-23 11:49:34	5	3553.1555	-67	-67	6400	4096	-12.549137	0.02516207	0.02624132	0.031485442	-8.4124855E-5	1.630345E-4	0.002030863	0.56428975	-0.7842429	1.3485327	1.4436916	12.414177	17.922243	21.503862	38.189384	0.038355213	0.5559044	24.772
2020-05-23 12:08:48	5	3523.8174	-65	-65	6400	4096	-12.531177	0.026193853	0.026934119	0.03181471	2.1363131E-4	2.0041321E-4	0.0022074762	0.6357773	-0.54236144	1.1781387	1.4887257	13.423394	19.983751	23.604904	39.824997	0.04454764	0.612741	24.848
2020-05-23 16:33:41	5	3557.1868	-97	-98	6400	4096	-12.25262	0.027536916	0.025655583	0.03179705	1.470656E-4	1.7061135E-4	0.002246755	0.62938166	-0.5101514	1.139533	1.5023496	13.17517	19.79371	24.531958	32.76246	0.054356344	0.789321	24.804
2020-05-23 19:00:31	5	3568.9214	-97	-98	6400	4096	-12.001164	0.026712138	0.024427248	0.031483505	-5.3078056E-5	2.3544024E-4	0.0021707395	0.607918	-0.8542154	1.4621334	1.4915808	12.94539	19.309095	24.886883	48.412895	0.04143291	0.4418462	25.936
2020-05-23 19:08:13	5	3569.9968	-83	-84	6400	4096	-11.99586	0.025976429	0.026996404	0.032194477	-5.4383727E-5	1.4137088E-4	0.0021053492	0.6217923	-0.6694207	1.291213	1.4376712	13.433971	19.313633	23.032412	30.803232	0.044756357	0.5850135	25.952
2020-05-23 19:37:57	5	3573.5178	-65	-65	6400	4096	-12.040898	0.02725496	0.025326926	0.031282756	1.2975119E-4	2.5877624E-4	0.0022869727	0.6864383	-0.7566025	1.4430408	1.541082	14.238712	21.943026	27.103102	47.907253	0.043541078	0.51788527	25.16
2020-05-23 20:16:12	5	3582.3264	-63	-64	6400	4096	-12.064783	0.026263133	0.027392399	0.032063007	6.774982E-5	1.1730304E-4	0.0020341608	0.59796077	-0.54112786	1.1390886	1.4190911	13.141901	18.649553	21.829443	27.368513	0.062946364	1.1531297	24.856
2020-05-23 20:55:22	5	3591.3015	-65	-65	6400	4096	-12.093389	0.026028188	0.024567699	0.030929362	1.1795402E-5	1.1584789E-4	0.0020207707	0.57120365	-0.58670956	1.1579132	1.4664446	12.593727	18.468004	23.250187	27.374203	0.041176524	0.5304467	24.672
2020-05-23 21:06:20	5	3583.7246	-65	-65	6400	4096	-12.085473	0.027671266	0.027297085	0.03236226	1.3376822E-4	2.3905866E-4	0.0022936584	0.6188976	-0.7100094	1.328907	1.4916859	12.820429	19.124052	22.672663	44.018936	0.05276284	0.6971283	24.496
2020-05-23 21:25:22	5	3584.5845	-65	-65	6400	4096	-12.057736	0.025197431	0.025204228	0.030788254	2.1009775E-5	1.3774303E-4	0.0019663207	0.61029685	-0.6616415	1.2719383	1.4537381	13.635463	19.822392	24.214066	34.32296	0.03943287	0.47756523	24.644
2020-05-23 21:45:34	5	3566.1653	-65	-65	6400	4096	-12.03971	0.025915116	0.022921376	0.0305949	1.2363865E-4	2.6477547E-4	0.002230054	0.7409221	-0.74026287	1.481185	1.5560498	15.563239	24.217176	32.324505	51.54512	0.04486453	0.6511329	24.868
2020-05-23 21:54:31	5	3577.0896	-63	-63	6400	4096	-12.030782	0.02555462	0.02559274	0.030518275	1.1885146E-4	1.7581145E-4	0.0020357796	0.67694914	-0.6331085	1.3100576	1.4911488	14.875619	22.181763	26.450825	40.994274	0.04617557	0.6295656	24.936
2020-05-23 22:04:29	5	3584.8616	-65	-66	6400	4096	-12.046662	0.026431132	0.02753284	0.032247677	-4.8826644E-7	8.31824E-5	0.0019966988	0.48536825	-0.5018029	0.9871712	1.3977041	10.768561	15.051262	17.628702	20.154718	0.039915077	0.45374987	24.72
2020-05-23 22:14:30	5	3589.8704	-65	-65	6400	4096	-12.054123	0.026425572	0.02304114	0.03092937	1.8072416E-4	2.0821461E-4	0.0023031991	0.6076149	-0.5313412	1.1389561	1.5638984	12.561711	19.64524	26.37087	38.035816	0.048476998	0.7412269	24.832
2020-05-23 22:24:27	5	3586.531	-63	-63	6400	4096	-12.060419	0.02338873	0.025801312	0.030346569	-5.9964746E-5	1.2571075E-4	0.0017510422	0.5943397	-0.7534939	1.3478336	1.3928362	14.061289	19.585072	23.035252	39.385277	0.050725188	0.8606442	24.56
2020-05-23 22:35:35	5	3591.8147	-61	-120	6400	4096	-12.069961	0.025462229	0.025242541	0.031028539	1.0263753E-4	1.2692715E-4	0.0019808065	0.66175735	-0.5341102	1.1958675	1.4473153	14.735819	21.327377	26.215956	31.207321	0.040277086	0.44237345	24.32
2020-05-23 22:54:45	5	3556.181	-63	-63	6400	4096	-12.022979	0.025778402	0.022942802	0.030377375	3.2004817E-5	2.351785E-4	0.0021331275	0.60847443	-0.83495647	1.4434309	1.5330426	13.065856	20.030514	26.521364	50.00113	0.04577774	0.69750667	24.312
2020-05-24 10:15:15	5	3585.9558	-63	-63	6400	4096	-12.384154	0.026813937	0.026659342	0.03200117	7.728661E-5	2.0589997E-4	0.0023259167	0.6522004	-0.6007264	1.2529268	1.5192966	13.414441	20.380516	24.464235	36.84872	0.041578103	0.4998881	23.984
2020-05-24 10:25:18	5	3590.9475	-63	-63	6400	4096	-12.360588	0.0265119	0.025543014	0.03126901	1.129159E-4	1.9471887E-4	0.0021774021	0.62953454	-0.6232969	1.2528315	1.5051657	13.375842	20.132858	24.646055	39.683895	0.053973325	0.91686356	24.008
2020-05-24 10:35:20	5	3583.3047	-63	-63	6400	4096	-12.352526	0.025007736	0.025513489	0.03020079	5.726994E-5	1.4372809E-4	0.0018980381	0.6580621	-0.63288486	1.290947	1.4568422	14.95671	21.789566	25.792715	38.354683	0.046769235	0.69787693	23.952
2020-05-24 10:45:16	5	3581.323	-63	-63	6400	4096	-12.347243	0.027468579	0.02632114	0.0315686	1.1700839E-4	2.775432E-4	0.0024078009	0.63343716	-0.71450424	1.3479414	1.5658981	12.813998	20.065416	24.06572	46.47883	0.039036736	0.47518694	23.988
2020-05-24 11:05:51	5	3552.2847	-61	-61	6400	4096	-12.276941	0.023728475	0.026736597	0.03133728	1.3162372E-4	1.2700974E-4	0.0019435057	0.5768358	-0.5058039	1.0826397	1.4203192	12.959999	18.407335	21.574766	32.36294	0.036617823	0.43079114	23.984
2020-05-24 11:15:28	5	3572.615	-65	-66	6400	4096	-12.303023	0.025950706	0.024550024	0.03106478	1.2957068E-4	2.3708765E-4	0.0021733092	0.66358984	-0.7414967	1.4050865	1.5136466	14.112597	21.361485	27.03011	48.499565	0.04645088	0.69149655	24.024
2020-05-24 11:24:55	5	3578.9465	-65	-65	6400	4096	-12.296224	0.026329264	0.026458493	0.031269345	7.666808E-5	2.2698569E-4	0.002102284	0.6579304	-0.7470188	1.4049492	1.4793293	14.2231655	21.040745	24.866508	49.57513	0.04748407	0.768509	24.176
2020-05-24 11:35:07	5	3584.839	-63	-63	6400	4096	-12.2880745	0.026601484	0.02622934	0.031392265	2.4966188E-4	2.3171611E-4	0.0022233564	0.65083957	-0.6021092	1.2529488	1.5146326	13.688127	20.732483	24.813417	45.335297	0.040798564	0.53631306	24.028
2020-05-24 11:44:57	5	3574.5168	-63	-64	6400	4096	-12.264469	0.026049262	0.02388227	0.03069906	5.9960144E-5	1.8070258E-4	0.0021990992	0.58740383	-0.6277699	1.2151737	1.5408206	12.418227	19.134262	24.595812	36.095726	0.046570428	0.63715816	24.576
2020-05-24 11:57:03	5	3552.0618	-61	-62	6400	4096	-12.195848	0.026579518	0.024309073	0.031088281	2.3698721E-4	2.2206549E-4	0.0023615728	0.5906701	-0.56794786	1.158618	1.5748035	12.064849	18.999767	24.29834	38.653492	0.043218005	0.59770066	24.116
2020-05-24 12:04:53	5	3577.9885	-63	-64	6400	4096	-12.215575	0.027224854	0.026343271	0.031414557	1.1764125E-4	2.3756894E-4	0.0022742858	0.59609574	-0.7329295	1.3290253	1.5298616	12.403177	18.975143	22.628008	44.530483	0.052694462	0.7421651	24.46
2020-05-24 12:24:39	5	3531.1274	-51	-52	6400	4096	-12.219883	0.024159897	0.02483317	0.030504534	3.9642646E-6	1.09895926E-4	0.0019446607	0.57286733	-0.5481339	1.1210012	1.4598496	12.864163	18.779745	23.068636	27.944191	0.042200357	0.64262664	24.788
2020-05-24 12:34:42	5	3581.5771	-51	-50	6400	4096	-12.196956	0.026754793	0.026394062	0.031381015	1.0514867E-4	2.378538E-4	0.00224329	0.6350759	-0.76981604	1.404892	1.521951	13.2971325	20.237583	24.061317	45.71298	0.043666676	0.5670228	24.508
2020-05-24 12:45:10	5	3552.8955	-53	-53	6400	4096	-12.159144	0.025369363	0.026344053	0.031677254	-1.232488E-4	1.3070306E-4	0.0019686753	0.42116302	-0.7754274	1.1965904	1.4140351	9.402483	13.295441	15.987025	32.467953	0.049939055	0.70045614	24.76
2020-05-24 12:55:11	5	3563.611	-53	-53	6400	4096	-12.164173	0.025684891	0.026319258	0.031231146	7.103004E-5	1.4535249E-4	0.00209004	0.5421001	-0.59731853	1.1394186	1.4767286	11.75414	17.357674	20.597088	32.126842	0.04166505	0.47131717	24.828
2020-05-24 13:04:52	5	3572.1008	-53	-54	6400	4096	-12.159878	0.025679266	0.026360804	0.031145712	1.6249504E-4	2.1366213E-4	0.0021335357	0.59630334	-0.73284304	1.3291464	1.49519	12.804793	19.145601	22.620832	45.430645	0.047391385	0.7164943	24.928
2020-05-24 13:14:36	5	3582.2388	-51	-51	6400	4096	-12.158473	0.027232425	0.026964316	0.03194806	-2.536695E-5	2.0855927E-4	0.0022936582	0.52077097	-0.770197	1.290968	1.511442	10.784768	16.30055	19.31334	38.360622	0.044251613	0.6146574	24.844
2020-05-24 13:24:38	5	3582.7405	-51	-52	6400	4096	-12.122087	0.025653126	0.027142225	0.031833645	-4.5094614E-5	1.4825657E-4	0.0020387755	0.6173688	-0.7115592	1.328928	1.4311639	13.550925	19.393597	22.745697	34.412083	0.040699746	0.5310254	24.92
2020-05-24 13:34:37	5	3583.0344	-53	-53	6400	4096	-12.095566	0.02428344	0.024636831	0.030459601	-1.673956E-7	8.755277E-5	0.0018949668	0.5529312	-0.5102068	1.063138	1.4430689	12.579397	18.152937	22.443275	23.45443	0.038404953	0.51704353	24.976
2020-05-24 13:55:39	5	3562.1414	-51	-52	6400	4096	-12.055166	0.024725828	0.025126243	0.03053516	1.352579E-4	1.750295E-4	0.002062567	0.6227353	-0.6116635	1.2343988	1.50013	13.594849	20.394041	24.784258	39.75528	0.03993105	0.5602499	25.076
2020-05-24 14:04:31	5	3580.177	-53	-53	6400	4096	-12.069323	0.023186997	0.025280822	0.029929046	4.3700806E-5	8.604846E-5	0.0017512933	0.52617824	-0.5559913	1.0821695	1.4124113	12.447405	17.580856	20.813337	26.948015	0.036802396	0.54417413	25.016
2020-05-24 14:14:28	5	3583.6052	-53	-53	6400	4096	-12.081055	0.026294215	0.026661579	0.03176225	8.6927575E-5	2.658896E-4	0.0022673209	0.67141175	-0.771405	1.4428167	1.5113078	13.987006	21.138674	25.182747	50.077724	0.046014436	0.6694693	25.016
2020-05-24 14:24:56	5	3587.7717	-51	-52	6400	4096	-12.100756	0.027206287	0.027103629	0.03225474	7.0382586E-5	2.2096235E-4	0.002310331	0.53997886	-0.76986325	1.3098421	1.5016159	11.148704	16.741072	19.922752	40.152138	0.05365241	0.807024	25.012
2020-05-24 14:34:28	5	3564.9402	-51	-52	6400	4096	-12.10156	0.024654783	0.02579964	0.030827811	-2.5593115E-6	1.3534848E-4	0.0019375723	0.5746773	-0.6976482	1.2723255	1.4410529	12.936042	18.641521	22.274624	34.750645	0.047391143	0.6826733	25.028
2020-05-24 14:44:31	5	3574.915	-53	-53	6400	4096	-12.09072	0.024628922	0.025039053	0.030391233	1.5890364E-4	1.4747768E-4	0.0019868303	0.64157057	-0.5546088	1.1961794	1.4803526	14.260375	21.110384	25.622797	35.997498	0.035401467	0.44029054	24.972
2020-05-24 14:55:05	5	3561.0332	-51	-52	6400	4096	-12.081515	0.026155993	0.026227709	0.031970274	1.4904178E-4	1.8289645E-4	0.0021909648	0.66787744	-0.58553386	1.2534113	1.4760294	14.153226	20.890577	25.464575	36.884163	0.044190217	0.57135755	24.912
2020-05-24 15:15:21	5	3550.64	-51	-50	6400	4096	-12.050521	0.026336275	0.02644297	0.031228539	5.71493E-5	2.4305811E-4	0.0021517489	0.6350248	-0.78953767	1.4245625	1.4982041	13.572756	20.334759	24.014883	50.724712	0.04683776	0.69664234	24.892
2020-05-24 15:25:05	5	3578.2222	-51	-52	6400	4096	-12.068964	0.024290852	0.026319232	0.031179395	-1.4219026E-4	1.8088485E-4	0.0019382084	0.48749933	-0.86050785	1.3480072	1.4248148	10.973569	15.635304	18.522552	46.44059	0.037839126	0.42539832	24.932
2020-05-24 15:43:56	5	3582.1226	-51	-52	6400	4096	-12.060974	0.02482922	0.026521556	0.03164809	1.0238836E-4	1.789572E-4	0.0021580386	0.67005575	-0.60193026	1.271986	1.4800348	14.305121	21.172077	25.264572	37.176765	0.038393676	0.524169	25.124
2020-05-24 15:55:02	5	3555.3223	-51	-52	6400	4096	-12.026242	0.02252363	0.024840098	0.029984908	-3.7710455E-5	4.442858E-5	0.0016676405	0.3077001	-0.54697424	0.85467434	1.3768996	7.4528546	10.261832	12.387234	15.291231	0.035522763	0.48186412	25.288
2020-05-24 16:03:55	5	3574.2754	-53	-53	6400	4096	-12.016022	0.02574773	0.02424268	0.030292211	1.4583571E-4	1.8395625E-4	0.0021249366	0.6237212	-0.5724706	1.1961918	1.5345978	13.417294	20.59015	25.728226	39.392395	0.039105278	0.5009981	25.18
2020-05-24 16:14:12	5	3569.3276	-51	-52	6400	4096	-12.003407	0.026352443	0.026474375	0.032325264	5.748143E-7	2.4356549E-4	0.002267821	0.6482089	-0.83290356	1.4811125	1.4846773	13.506439	20.052704	24.48439	45.911255	0.039929006	0.56890595	25.636
