2020-07-18 23:25:14	1	3654.612	-83	-84	6400	4096	-0.060169604	0.084844746	0.10431517	0.121907644	-2.3646539E-4	0.0015479415	0.02304831	0.4429821	-0.55233043	0.9953125	1.2453419	2.9178748	3.6337516	4.246574	2.9139118	0.16607088	1.9674696	29.385239
2020-07-19 00:24:27	1	3659.736	-85	-85	6400	4096	-0.05587044	0.085158646	0.10587072	0.12275144	-9.150884E-5	0.001677654	0.023481354	0.43868294	-0.5566296	0.9953125	1.248346	2.862788	3.57375	4.143572	3.042679	0.119029984	1.3625556	29.121695
2020-07-19 01:23:33	1	3660.192	-101	-101	6400	4096	-0.30092278	0.08601245	0.099878006	0.12216486	-4.466299E-5	0.0016814894	0.023743749	0.6837353	-0.46470222	1.1484375	1.2613288	4.4372444	5.5968246	6.8457046	2.9826038	0.12861037	1.6199967	28.858149
2020-07-23 11:14:17	1	3663.444	-99	-100	3200	4096	-0.79431725	0.086412564	0.07758641	0.08770167	2.7321084E-5	3.9852152E-4	0.011620236	0.33494225	-0.43068275	0.765625	1.229135	3.1071517	3.819109	4.317022	2.951358	0.13477036	1.8029119	28.989922
2020-07-23 17:53:56	1	3626.592	-81	-82	3200	4096	-0.7937752	0.08526059	0.077566415	0.087974146	6.5711814E-5	4.2547323E-4	0.011832799	0.33440018	-0.3546623	0.6890625	1.2364845	3.0741336	3.8011186	4.3111467	3.0387661	0.12497018	1.4966029	32.811317
2020-07-24 01:59:53	1	3635.34	-77	-100	3200	4096	-0.79142	0.08446522	0.07786714	0.08859089	-1.209809E-5	4.3189275E-4	0.0119741615	0.4086075	-0.43358	0.8421875	1.2351892	3.7340815	4.612297	5.2474957	3.0122132	0.13467905	1.8585885	31.361826
2020-07-24 08:06:49	1	3663.732	-81	-82	3200	4096	-0.7922611	0.08471277	0.07826811	0.088815965	5.4073644E-5	4.3428046E-4	0.012011632	0.33288613	-0.35617635	0.6890625	1.2339853	3.0373487	3.7480438	4.2531514	3.009998	0.13263735	1.7621635	29.648783
2020-07-24 14:01:54	1	3663.792	-83	-83	3200	4096	-0.78870964	0.08519317	0.076089196	0.08675797	3.8907724E-6	3.7944262E-4	0.011429728	0.40589717	-0.35972783	0.765625	1.2322776	3.7966282	4.6784997	5.3344917	2.9045196	0.13141754	1.7671486	31.757141
2020-07-25 04:26:44	1	3632.604	-99	-100	3200	4096	-0.80519605	0.086683854	0.07943905	0.08901875	7.229748E-5	4.02058E-4	0.011782077	0.345821	-0.34324148	0.6890625	1.219353	3.1859608	3.884811	4.353287	2.8963099	0.15040243	2.0560064	31.09828
2020-07-25 10:27:43	1	3663.804	-79	-79	3200	4096	-0.8068783	0.08461054	0.07827035	0.087853245	-4.356167E-5	3.9635997E-4	0.011563103	0.4240658	-0.3415592	0.765625	1.2239944	3.943629	4.8269796	5.4179616	2.9644287	0.1308887	1.7716982	30.307644
2020-07-25 16:48:08	1	3638.34	-81	-82	3200	4096	-0.83134615	0.08533079	0.06910626	0.08379862	3.6945945E-5	4.0301066E-4	0.011471574	0.37197113	-0.39365387	0.765625	1.2781289	3.4729435	4.4388695	5.382597	3.0624607	0.1437729	1.9388524	31.757141
2020-07-26 00:18:57	1	3659.94	-79	-79	3200	4096	-0.8568981	0.08498509	0.072254755	0.08507797	-3.690371E-5	3.943757E-4	0.01142852	0.3975231	-0.3681019	0.765625	1.2565445	3.7184966	4.6724567	5.501688	3.0194664	0.14892295	2.0838287	30.702963
2020-07-26 06:14:07	1	3664.692	-77	-78	3200	4096	-0.8525429	0.08492036	0.07115514	0.08574164	9.93117E-7	4.0211706E-4	0.011748061	0.39316788	-0.37245712	0.765625	1.2641288	3.6273956	4.5854955	5.5255027	2.9135342	0.1479466	2.064307	29.912329
2020-07-26 12:09:05	1	3664.596	-83	-83	3200	4096	-0.8544308	0.084710784	0.07171395	0.085930355	4.144514E-5	4.087322E-4	0.01183849	0.3184933	-0.37056923	0.68906254	1.2661978	2.9271984	3.706412	4.4411626	2.916394	0.13996665	1.8692031	29.385239
2020-07-26 18:03:29	1	3664.26	-81	-82	3200	4096	-0.994677	0.08330047	0.059358075	0.08197065	-5.0326707E-5	3.9431086E-4	0.011454178	0.38217697	-0.3834481	0.76562506	1.3056405	3.57094	4.662364	6.4385	3.0054595	0.13757804	1.8163314	27.80397
2020-07-26 23:58:13	1	3664.68	-83	-85	3200	4096	-1.0239674	0.08606663	0.07804726	0.08860986	-1.6057462E-5	4.3200058E-4	0.012008776	0.41146734	-0.43072012	0.84218746	1.2367084	3.7547932	4.6435843	5.272028	2.995621	0.13437128	1.679237	27.27688
2020-07-27 05:52:47	1	3664.392	-85	-85	3200	4096	-1.0229206	0.08499992	0.07713672	0.08751233	4.5563953E-5	4.0813335E-4	0.011695581	0.33385807	-0.35520446	0.68906254	1.2357814	3.0871022	3.8149836	4.3281345	2.983723	0.13367131	1.550125	26.881563
2020-07-27 11:47:25	1	3664.248	-83	-84	3200	4096	-1.3570778	0.084464446	0.07592348	0.08714026	4.680493E-5	4.062844E-4	0.011664183	0.3617653	-0.32729724	0.68906254	1.2393909	3.3496525	4.151529	4.7648673	2.9862182	0.13470492	1.7815157	27.013336
2020-07-27 17:42:04	1	3664.152	-81	-81	3200	4096	-1.3798074	0.08475548	0.06308973	0.08368546	5.9743583E-5	3.9862518E-4	0.011706489	0.3844948	-0.30456772	0.68906254	1.2928952	3.5536704	4.5945234	6.094412	2.9087834	0.14045647	1.8815904	27.408653
2020-07-27 23:36:48	1	3664.272	-83	-84	3200	4096	-1.374854	0.08437298	0.06475498	0.08368043	6.814938E-5	3.9209472E-4	0.011619908	0.37954143	-0.3095211	0.68906254	1.2881826	3.5209334	4.5356054	5.861193	2.9039266	0.13223693	1.8064114	27.013336
2020-07-28 05:31:18	1	3664.92	-85	-86	3200	4096	-1.372424	0.0845923	0.06646975	0.08318454	3.6667385E-5	3.8581266E-4	0.011369129	0.37711146	-0.3885136	0.76562506	1.281802	3.5367644	4.533432	5.6734295	2.984847	0.14331564	1.9586864	26.61802
2020-07-28 11:25:51	1	3664.788	-85	-85	3200	4096	-1.3805736	0.08494402	0.06352427	0.08327465	-3.8864455E-5	4.1871853E-4	0.011696167	0.38526118	-0.38036388	0.76562506	1.2987005	3.5623243	4.626392	6.0647874	3.0608003	0.13834414	1.9220414	27.408653
2020-07-28 17:20:59	1	3665.244	-79	-79	3200	4096	-1.3818448	0.085936	0.06466234	0.083489664	-1.1837832E-5	4.1578623E-4	0.0117283985	0.38653222	-0.37909284	0.76562506	1.2971394	3.5691628	4.6297016	5.977703	3.0226836	0.14293924	1.9774364	29.253468
2020-07-28 23:15:36	1	3665.424	-97	-98	3200	4096	-1.382985	0.084033355	0.06482116	0.082183436	3.012864E-5	3.679942E-4	0.011181951	0.38767245	-0.3779526	0.76562506	1.2866917	3.6661155	4.71716	5.9806466	2.9431057	0.13088581	1.6719354	28.199286
2020-07-29 05:10:20	1	3665.064	-97	-98	3200	4096	-1.3770783	0.084704086	0.06054373	0.082312405	1.7322507E-5	3.9711606E-4	0.011510731	0.38176575	-0.3838593	0.76562506	1.3034253	3.5583243	4.63801	6.30562	2.997172	0.13025975	1.6625748	27.013336
2020-07-29 11:04:55	1	3664.98	-81	-81	3200	4096	-1.3813027	0.0858882	0.062284287	0.08162768	-3.5961333E-5	3.9331755E-4	0.011350031	0.38599017	-0.3796349	0.76562506	1.3051519	3.623078	4.7286677	6.197232	3.0531573	0.14266723	1.9223084	27.408653
2020-07-29 16:59:45	1	3665.976	-83	-83	3200	4096	-1.3897702	0.08488439	0.071119316	0.08531565	-4.6175108E-5	4.1158087E-4	0.011689629	0.31789517	-0.44772995	0.7656251	1.2672772	2.9402454	3.7261062	4.4698853	3.011991	0.14172679	1.9655371	30.17587
2020-07-29 22:54:54	1	3665.82	-81	-82	3200	4096	-1.3830597	0.08514341	0.064501755	0.08251493	4.97971E-6	4.1277552E-4	0.011518959	0.3877472	-0.4544404	0.8421876	1.3006909	3.6127844	4.6991158	6.0114207	3.11091	0.13685435	1.7901354	30.044102
2020-07-30 04:49:54	1	3666.072	-85	-86	3200	4096	-1.380125	0.085883975	0.0649305	0.08569122	4.556052E-5	4.4004174E-4	0.012284918	0.3082501	-0.3808125	0.6890626	1.2934505	2.7811031	3.597219	4.7473855	2.915744	0.13698015	1.7120167	28.858149
2020-07-30 10:44:51	1	3665.94	-85	-85	3200	4096	-1.3777698	0.08543319	0.05834046	0.08210072	2.1755052E-6	4.174109E-4	0.011636207	0.38245738	-0.38316768	0.76562506	1.3138893	3.5454986	4.6583924	6.555611	3.0827687	0.14765221	2.1164749	29.121695
2020-07-30 17:29:11	1	3626.808	-83	-84	3200	4096	-1.3865925	0.08522557	0.070592575	0.08620534	7.803486E-6	4.2007226E-4	0.011993966	0.31471753	-0.4509076	0.7656251	1.2704197	2.8736875	3.6507893	4.458225	2.920104	0.12792239	1.5597485	32.943092
2020-07-31 01:21:30	1	3642.024	-75	-75	3200	4096	-1.3808914	0.08630346	0.06463802	0.08411426	-2.634659E-6	4.0129156E-4	0.011773221	0.38557893	-0.3034836	0.68906254	1.2899653	3.5535762	4.58399	5.9652033	2.895139	0.12910292	1.5155574	31.361826
2020-07-31 07:23:08	1	3665.616	-91	-77	3200	4096	-1.3584797	0.08460594	0.074168526	0.085774854	-3.1002623E-5	3.9347302E-4	0.011453613	0.3631672	-0.40245786	0.76562506	1.2477032	3.3934026	4.233959	4.896514	2.9993696	0.13648915	1.8586903	29.780556
2020-07-31 13:18:13	1	3665.892	-73	-73	3200	4096	-1.3556385	0.08573703	0.07516628	0.08642282	-7.7224584E-5	4.083465E-4	0.011622992	0.36032602	-0.3287365	0.68906254	1.2474712	3.3422325	4.1693387	4.793719	3.0226855	0.12626503	1.615762	30.834734
2020-07-31 19:13:27	1	3666.492	-73	-74	3200	4096	-1.3619565	0.082752064	0.07219847	0.08436498	-2.8724786E-5	3.713559E-4	0.011160243	0.36664394	-0.3224186	0.68906254	1.2522026	3.4706247	4.3459253	5.078278	2.9815562	0.12809305	1.7502916	30.57119
2020-08-01 01:08:22	1	3666.012	-75	-77	3200	4096	0.0	0.04163887	0.0	0.0	0.0	0.0	0.0	0.0	0.0	0.0	0.0	0.0	0.0	0.0	0.0	0.06639368	0.9377234	28.726377
2020-08-01 07:03:21	1	3666.36	-75	-75	3200	4096	-1.357433	0.08477497	0.0745747	0.08609788	-1.8819528E-5	4.1153535E-4	0.011571674	0.4386829	-0.4035046	0.8421875	1.2494118	4.078051	5.0951653	5.882463	3.0733697	0.11859466	1.4221381	28.067516
2020-08-01 12:58:10	1	3666.096	-87	-88	3200	4096	0.0	0.04301686	0.0	0.0	0.0	0.0	0.0	0.0	0.0	0.0	0.0	0.0	0.0	0.0	0.0	0.061109275	0.7674357	29.385239
2020-08-01 18:53:17	1	3666.816	-99	-100	3200	4096	-1.2003266	0.083747156	0.075962745	0.08664993	-3.2865025E-6	4.0862645E-4	0.011538465	0.43470156	-0.40748596	0.8421875	1.2396692	4.0468507	5.016756	5.7225623	3.069237	0.1456876	1.9636123	30.044102
2020-08-02 00:48:16	1	3666.744	-99	-99	3200	4096	-1.1950554	0.08602306	0.07895541	0.08904315	3.5255085E-5	4.056103E-4	0.01190315	0.35286787	-0.3361946	0.6890625	1.2252662	3.2343066	3.9628866	4.4692044	2.8627615	0.13011442	1.6265904	28.858149
2020-08-02 06:43:12	1	3666.564	-97	-97	3200	4096	-1.2055416	0.08450088	0.075053945	0.08674747	-2.5627567E-5	4.221802E-4	0.011704216	0.36335412	-0.40227088	0.765625	1.2471375	3.358605	4.188642	4.8412395	3.081862	0.12297449	1.5297269	27.935743
2020-08-02 12:38:03	1	3666.408	-83	-83	3200	4096	-1.201149	0.08524549	0.07667058	0.087808795	-5.660278E-6	4.2874448E-4	0.011913253	0.3589615	-0.4066635	0.765625	1.2430172	3.2887638	4.08799	4.681867	3.02091	0.13353077	1.669036	28.989922
2020-08-02 20:11:22	1	3647.964	-99	-99	3200	4096	-1.1929806	0.08556319	0.07816453	0.0878577	-6.149479E-5	3.8377315E-4	0.0115327295	0.35079306	-0.3382694	0.6890625	1.2223237	3.2665172	3.9927413	4.48788	2.8854291	0.14969738	2.1267622	32.547775
2020-08-03 03:14:29	1	3665.844	-83	-84	3200	4096	-1.1953171	0.08592753	0.07840019	0.088802874	-6.397744E-5	4.523969E-4	0.012064727	0.4296921	-0.48905796	0.91875005	1.2368919	3.911998	4.8387184	5.4807534	3.108026	0.12727264	1.7069261	29.385239
2020-08-03 09:09:18	1	3665.976	-83	-84	3200	4096	-1.1891114	0.085950315	0.08016134	0.090060495	2.6234746E-5	4.3757426E-4	0.012155831	0.42348635	-0.34213865	0.765625	1.2242159	3.8410244	4.7022433	5.2829247	2.9613004	0.1376839	1.9004269	28.199286
2020-08-03 15:20:33	1	3640.572	-99	-100	3200	4096	-1.1708119	0.084899545	0.07623153	0.08701596	1.5207026E-5	3.933697E-4	0.011533575	0.40518686	-0.36043814	0.765625	1.234193	3.7728832	4.656466	5.315213	2.9571474	0.13918912	1.8083438	32.67955
2020-08-03 23:22:58	1	3644.436	-87	-87	3200	4096	0.0	0.042052213	0.0	0.0	0.0	0.0	0.0	0.0	0.0	0.0	0.0	0.0	0.0	0.0	0.0	0.06906076	0.9056231	31.757141
2020-08-04 06:02:40	1	3665.808	-101	-101	3200	4096	0.0	0.041519117	0.0	0.0	0.0	0.0	0.0	0.0	0.0	0.0	0.0	0.0	0.0	0.0	0.0	0.070095345	1.0071933	29.912329
2020-08-04 11:57:42	1	3665.472	-97	-98	3200	4096	0.0	0.042694036	0.0	0.0	0.0	0.0	0.0	0.0	0.0	0.0	0.0	0.0	0.0	0.0	0.0	0.06483459	0.86432546	29.912329
2020-08-04 19:56:20	1	3626.808	-99	-100	3200	4096	0.0	0.042449687	0.0	0.0	0.0	0.0	0.0	0.0	0.0	0.0	0.0	0.0	0.0	0.0	0.0	0.059668668	0.7317654	32.811317
2020-08-05 03:44:56	1	3647.028	-79	-80	3200	4096	-1.1933918	0.08439281	0.07799495	0.0879751	6.0959042E-5	4.2312447E-4	0.011744938	0.3512043	-0.4144207	0.765625	1.2318721	3.2406673	3.9920874	4.5029106	3.0673735	0.13227722	1.6422338	31.361826
2020-08-05 10:05:25	1	3664.992	-99	-101	3200	4096	0.0	0.04201349	0.0	0.0	0.0	0.0	0.0	0.0	0.0	0.0	0.0	0.0	0.0	0.0	0.0	0.069861814	0.93592566	30.439417
2020-08-05 16:00:34	1	3665.388	-99	-100	3200	4096	-0.044729996	2.3892355	0.053700093	0.25102118	-1462.1434	421013.84	24.368196	118.10411	-156.14278	274.2469	19.665333	23.925076	470.49457	2199.328	709.0055	1.9091687	24.824883	30.307644
2020-08-05 21:55:38	1	3665.688	-99	-99	3200	4096	0.0	0.04220896	0.0	0.0	0.0	0.0	0.0	0.0	0.0	0.0	0.0	0.0	0.0	0.0	0.0	0.06783241	0.8802063	29.253468
2020-08-06 03:50:38	1	3665.64	-99	-101	3200	4096	0.0	0.0	0.0	0.0	0.0	0.0	0.0	0.0	0.0	0.0	0.0	0.0	0.0	0.0	0.0	0.0	0.0	28.594604
2020-08-06 09:45:32	1	3665.472	-101	-101	3200	4096	0.0	0.042339556	0.0	0.0	0.0	0.0	0.0	0.0	0.0	0.0	0.0	0.0	0.0	0.0	0.0	0.07308008	1.0201628	28.331059
2020-08-06 15:40:30	1	3665.592	-101	-101	3200	4096	0.0	27.363125	0.0	0.0	0.0	0.0	0.0	0.0	0.0	0.0	0.0	0.0	0.0	0.0	0.0	182.69249	2512.3933	31.09828
2020-08-06 21:34:44	1	3666.024	-97	-98	3200	4096	0.0	0.0	0.0	0.0	0.0	0.0	0.0	0.0	0.0	0.0	0.0	0.0	0.0	0.0	0.0	0.0	0.0	30.966507
2020-08-07 03:29:54	1	3666.54	-99	-99	3200	4096	0.0	0.0	0.0	0.0	0.0	0.0	0.0	0.0	0.0	0.0	0.0	0.0	0.0	0.0	0.0	0.0	0.0	29.648783
2020-08-07 09:24:58	1	3666.42	-99	-99	3200	4096	-1.2330936	0.08404139	0.06991838	0.08532916	-1.132317E-4	4.1624665E-4	0.011754014	0.39090616	-0.37471884	0.765625	1.2705613	3.6056154	4.581156	5.5908923	3.0128558	0.13047592	1.5786805	28.989922
2020-08-07 15:20:23	1	3666.36	-99	-100	3200	4096	0.0	0.042327493	0.0	0.0	0.0	0.0	0.0	0.0	0.0	0.0	0.0	0.0	0.0	0.0	0.0	0.07136157	1.0144607	31.757141
2020-08-07 23:08:22	1	3660.324	-101	-101	3200	4096	0.0	0.0	0.0	0.0	0.0	0.0	0.0	0.0	0.0	0.0	0.0	0.0	0.0	0.0	0.0	0.0	0.0	31.09828
2020-08-08 05:03:30	1	3665.808	-101	-101	3200	4096	1.9714096	8.062079	3.984762	6.219052	73192.22	1.1236638E7	487.0495	153.75673	-3.5026596	157.25938	3.5486436	6.967028	24.7235	38.586178	47.36856	78.8377	1363.8843	29.253468
2020-08-08 10:58:26	1	3665.88	-85	-86	3200	4096	0.0	11.349083	0.0	0.0	0.0	0.0	0.0	0.0	0.0	0.0	0.0	0.0	0.0	0.0	0.0	96.51673	1590.4678	29.121695
2020-08-08 16:53:37	1	3666.096	-83	-83	3200	4096	0.0	0.04222437	0.0	0.0	0.0	0.0	0.0	0.0	0.0	0.0	0.0	0.0	0.0	0.0	0.0	0.06527706	0.87198836	31.361826
2020-08-08 22:48:25	1	3666.3	-89	-89	3200	4096	0.0	0.0	0.0	0.0	0.0	0.0	0.0	0.0	0.0	0.0	0.0	0.0	0.0	0.0	0.0	0.0	0.0	30.966507
2020-08-09 04:43:32	1	3666.276	-101	-101	3200	4096	0.0	0.043485533	0.0	0.0	0.0	0.0	0.0	0.0	0.0	0.0	0.0	0.0	0.0	0.0	0.0	0.0748028	0.9360709	29.253468
2020-08-09 10:38:31	1	3666.36	-101	-101	3200	4096	0.0	0.0	0.0	0.0	0.0	0.0	0.0	0.0	0.0	0.0	0.0	0.0	0.0	0.0	0.0	0.0	0.0	28.726377
2020-08-09 17:47:11	1	3640.944	-85	-86	3200	4096	0.0	0.0	0.0	0.0	0.0	0.0	0.0	0.0	0.0	0.0	0.0	0.0	0.0	0.0	0.0	0.0	0.0	33.20664
2020-08-10 01:08:52	1	3666.012	-101	-101	3200	4096	0.0	0.0	0.0	0.0	0.0	0.0	0.0	0.0	0.0	0.0	0.0	0.0	0.0	0.0	0.0	0.0	0.0	29.51701
2020-08-10 07:04:00	1	3666.288	-103	-103	3200	4096	0.0	0.0	0.0	0.0	0.0	0.0	0.0	0.0	0.0	0.0	0.0	0.0	0.0	0.0	0.0	0.0	0.0	27.408653
2020-08-10 12:58:28	1	3665.688	-101	-102	3200	4096	0.0	0.0	0.0	0.0	0.0	0.0	0.0	0.0	0.0	0.0	0.0	0.0	0.0	0.0	0.0	0.0	0.0	28.462831
2020-08-10 19:48:32	1	3639.744	-81	-81	3200	4096	0.0	0.0	0.0	0.0	0.0	0.0	0.0	0.0	0.0	0.0	0.0	0.0	0.0	0.0	0.0	0.0	0.0	31.625368
2020-08-11 02:02:08	1	3665.976	-79	-80	3200	4096	0.0	0.0	0.0	0.0	0.0	0.0	0.0	0.0	0.0	0.0	0.0	0.0	0.0	0.0	0.0	0.0	0.0	29.51701
2020-08-11 07:57:12	1	3665.904	-79	-79	3200	4096	0.0	0.0	0.0	0.0	0.0	0.0	0.0	0.0	0.0	0.0	0.0	0.0	0.0	0.0	0.0	0.0	0.0	28.726377
2020-08-11 13:52:06	1	3665.628	-79	-80	3200	4096	0.0	0.0	0.0	0.0	0.0	0.0	0.0	0.0	0.0	0.0	0.0	0.0	0.0	0.0	0.0	0.0	0.0	30.834734
2020-08-11 21:29:44	1	3642.372	-75	-78	3200	4096	0.0	0.0	0.0	0.0	0.0	0.0	0.0	0.0	0.0	0.0	0.0	0.0	0.0	0.0	0.0	0.0	0.0	31.361826
2020-08-12 03:24:58	1	3666.084	-91	-78	3200	4096	0.0	8.915001	0.0	0.0	0.0	0.0	0.0	0.0	0.0	0.0	0.0	0.0	0.0	0.0	0.0	77.3205	1355.8475	29.912329
2020-08-12 09:20:03	1	3666.06	-79	-80	3200	4096	0.0	0.0	0.0	0.0	0.0	0.0	0.0	0.0	0.0	0.0	0.0	0.0	0.0	0.0	0.0	0.0	0.0	29.51701
2020-08-12 15:15:07	1	3666.564	-77	-77	3200	4096	0.0	0.0	0.0	0.0	0.0	0.0	0.0	0.0	0.0	0.0	0.0	0.0	0.0	0.0	0.0	0.0	0.0	29.912329
2020-08-12 21:10:12	1	3666.396	-75	-75	3200	4096	0.0	0.0	0.0	0.0	0.0	0.0	0.0	0.0	0.0	0.0	0.0	0.0	0.0	0.0	0.0	0.0	0.0	28.594604
2020-08-13 03:04:56	1	3665.688	-75	-76	3200	4096	0.0	0.04273107	0.0	0.0	0.0	0.0	0.0	0.0	0.0	0.0	0.0	0.0	0.0	0.0	0.0	0.07088358	0.9446654	27.145107
2020-08-13 08:59:42	1	3665.748	-101	-102	3200	4096	0.0	0.0	0.0	0.0	0.0	0.0	0.0	0.0	0.0	0.0	0.0	0.0	0.0	0.0	0.0	0.0	0.0	27.145107
2020-08-13 14:54:33	1	3666.348	-75	-76	3200	4096	0.0	0.0	0.0	0.0	0.0	0.0	0.0	0.0	0.0	0.0	0.0	0.0	0.0	0.0	0.0	0.0	0.0	30.702963
2020-08-13 20:49:17	1	3666.288	-79	-79	3200	4096	0.0	0.0	0.0	0.0	0.0	0.0	0.0	0.0	0.0	0.0	0.0	0.0	0.0	0.0	0.0	0.0	0.0	30.702963
2020-08-14 02:44:17	1	3666.792	-77	-78	3200	4096	0.0	0.0	0.0	0.0	0.0	0.0	0.0	0.0	0.0	0.0	0.0	0.0	0.0	0.0	0.0	0.0	0.0	28.989922
2020-08-14 08:39:16	1	3666.348	-77	-77	3200	4096	0.0	0.0	0.0	0.0	0.0	0.0	0.0	0.0	0.0	0.0	0.0	0.0	0.0	0.0	0.0	0.0	0.0	28.462831
2020-08-14 14:34:20	1	3666.66	-79	-79	3200	4096	-1.2589635	0.08567856	0.07880606	0.08870289	-1.4217091E-5	4.296184E-4	0.0118824495	0.4167759	-0.3488491	0.765625	1.2288963	3.8233988	4.69856	5.2886276	3.0427828	0.1431523	1.8989242	30.702963
2020-08-14 20:29:29	1	3667.032	-79	-80	3200	4096	-1.2640289	0.08550748	0.07877996	0.088795856	-7.831257E-5	4.530527E-4	0.012029334	0.42184144	-0.42034608	0.8421875	1.2351738	3.8461697	4.750688	5.3546796	3.130874	0.13993216	2.0411294	30.966507
2020-08-15 02:24:34	1	3667.104	-79	-79	3200	4096	-1.2651504	0.08469018	0.07855694	0.08843056	1.1479779E-5	4.2910522E-4	0.011854666	0.42296296	-0.34266204	0.765625	1.2312387	3.8847017	4.782995	5.3841577	3.0534103	0.13141836	1.6428053	30.044102
2020-08-15 08:19:31	1	3666.924	-101	-102	3200	4096	0.0	0.0	0.0	0.0	0.0	0.0	0.0	0.0	0.0	0.0	0.0	0.0	0.0	0.0	0.0	0.0	0.0	29.648783
2020-08-15 14:14:37	1	3667.572	-81	-81	3200	4096	0.0	0.0	0.0	0.0	0.0	0.0	0.0	0.0	0.0	0.0	0.0	0.0	0.0	0.0	0.0	0.0	0.0	29.912329
2020-08-15 20:09:42	1	3666.864	-81	-84	3200	4096	0.0	0.041293945	0.0	0.0	0.0	0.0	0.0	0.0	0.0	0.0	0.0	0.0	0.0	0.0	0.0	0.07339536	0.995665	29.385239
2020-08-16 02:04:42	1	3666.96	-81	-81	3200	4096	0.0	0.0	0.0	0.0	0.0	0.0	0.0	0.0	0.0	0.0	0.0	0.0	0.0	0.0	0.0	0.0	0.0	28.067516
2020-08-16 08:00:22	1	3666.744	-83	-83	3200	4096	0.0	0.041803923	0.0	0.0	0.0	0.0	0.0	0.0	0.0	0.0	0.0	0.0	0.0	0.0	0.0	0.07429658	1.1469591	27.80397
2020-08-16 13:54:18	1	3666.948	-105	-106	3200	4096	0.0	0.0	0.0	0.0	0.0	0.0	0.0	0.0	0.0	0.0	0.0	0.0	0.0	0.0	0.0	0.0	0.0	28.331059
2020-08-16 19:50:09	1	3667.044	-77	-78	3200	4096	0.0	0.0	0.0	0.0	0.0	0.0	0.0	0.0	0.0	0.0	0.0	0.0	0.0	0.0	0.0	0.0	0.0	28.331059
2020-08-17 01:44:01	1	3666.876	-105	-105	3200	4096	0.0	0.0	0.0	0.0	0.0	0.0	0.0	0.0	0.0	0.0	0.0	0.0	0.0	0.0	0.0	0.0	0.0	27.540424
2020-08-17 07:38:41	1	3666.732	-81	-81	3200	4096	0.0	0.04251297	0.0	0.0	0.0	0.0	0.0	0.0	0.0	0.0	0.0	0.0	0.0	0.0	0.0	0.07032266	0.91787577	26.881563
2020-08-17 13:33:31	1	3666.372	-103	-104	3200	4096	0.0	0.041837983	0.0	0.0	0.0	0.0	0.0	0.0	0.0	0.0	0.0	0.0	0.0	0.0	0.0	0.06126774	0.7325449	27.540424
2020-08-17 19:28:10	1	3667.14	-79	-80	3200	4096	0.0	0.04168977	0.0	0.0	0.0	0.0	0.0	0.0	0.0	0.0	0.0	0.0	0.0	0.0	0.0	0.07111933	1.0325229	28.067516
2020-08-18 01:23:04	1	3666.972	-79	-80	3200	4096	0.0	0.04148914	0.0	0.0	0.0	0.0	0.0	0.0	0.0	0.0	0.0	0.0	0.0	0.0	0.0	0.06585665	0.8787566	27.80397
2020-08-18 07:17:21	1	3666.816	-79	-80	3200	4096	0.0	0.04232554	0.0	0.0	0.0	0.0	0.0	0.0	0.0	0.0	0.0	0.0	0.0	0.0	0.0	0.06790173	0.85595447	27.672197
2020-08-18 13:12:04	1	3667.332	-81	-83	3200	4096	0.0	0.043494232	0.0	0.0	0.0	0.0	0.0	0.0	0.0	0.0	0.0	0.0	0.0	0.0	0.0	0.074816205	1.0945497	27.672197
2020-08-18 19:06:54	1	3667.356	-101	-101	3200	4096	0.0	0.0	0.0	0.0	0.0	0.0	0.0	0.0	0.0	0.0	0.0	0.0	0.0	0.0	0.0	0.0	0.0	27.27688
2020-08-19 01:01:35	1	3666.48	-99	-99	3200	4096	0.0	0.041742977	0.0	0.0	0.0	0.0	0.0	0.0	0.0	0.0	0.0	0.0	0.0	0.0	0.0	0.067637876	0.9187567	26.486246
2020-08-19 06:56:05	1	3666.696	-79	-80	3200	4096	0.0	0.042400658	0.0	0.0	0.0	0.0	0.0	0.0	0.0	0.0	0.0	0.0	0.0	0.0	0.0	0.066946395	0.8249101	26.354473
2020-08-19 12:50:42	1	3666.54	-81	-82	3200	4096	0.0	0.042167187	0.0	0.0	0.0	0.0	0.0	0.0	0.0	0.0	0.0	0.0	0.0	0.0	0.0	0.069267504	0.97152966	26.881563
2020-08-19 18:45:23	1	3666.888	-81	-81	3200	4096	0.0	0.043168902	0.0	0.0	0.0	0.0	0.0	0.0	0.0	0.0	0.0	0.0	0.0	0.0	0.0	0.06162879	0.7303997	27.672197
2020-08-20 00:40:07	1	3666.492	-105	-105	3200	4096	0.0	0.0	0.0	0.0	0.0	0.0	0.0	0.0	0.0	0.0	0.0	0.0	0.0	0.0	0.0	0.0	0.0	26.354473
2020-08-20 06:34:37	1	3666.684	-103	-104	3200	4096	0.0	0.04260583	0.0	0.0	0.0	0.0	0.0	0.0	0.0	0.0	0.0	0.0	0.0	0.0	0.0	0.06850461	0.93950677	25.563839
2020-08-20 12:29:03	1	3666.228	-79	-80	3200	4096	0.0	0.0	0.0	0.0	0.0	0.0	0.0	0.0	0.0	0.0	0.0	0.0	0.0	0.0	0.0	0.0	0.0	26.354473
2020-08-20 18:23:47	1	3667.38	-97	-97	3200	4096	0.0	0.0	0.0	0.0	0.0	0.0	0.0	0.0	0.0	0.0	0.0	0.0	0.0	0.0	0.0	0.0	0.0	28.331059
2020-08-21 00:18:06	1	3667.452	-101	-101	3200	4096	0.0	0.04231193	0.0	0.0	0.0	0.0	0.0	0.0	0.0	0.0	0.0	0.0	0.0	0.0	0.0	0.07450981	1.1009827	27.145107
2020-08-21 06:12:40	1	3666.444	-79	-80	3200	4096	0.0	0.0	0.0	0.0	0.0	0.0	0.0	0.0	0.0	0.0	0.0	0.0	0.0	0.0	0.0	0.0	0.0	25.959158
2020-08-21 12:07:09	1	3666.708	-103	-104	3200	4096	0.0	0.04190686	0.0	0.0	0.0	0.0	0.0	0.0	0.0	0.0	0.0	0.0	0.0	0.0	0.0	0.06905022	0.9939694	26.354473
2020-08-21 18:01:56	1	3667.62	-77	-77	3200	4096	0.0	0.0	0.0	0.0	0.0	0.0	0.0	0.0	0.0	0.0	0.0	0.0	0.0	0.0	0.0	0.0	0.0	28.989922
2020-08-21 23:56:50	1	3667.5	-79	-100	3200	4096	0.0	0.041947395	0.0	0.0	0.0	0.0	0.0	0.0	0.0	0.0	0.0	0.0	0.0	0.0	0.0	0.060188353	0.78530693	27.935743
2020-08-22 05:51:35	1	3666.6	-77	-78	3200	4096	-0.4966282	0.08542076	0.079282515	0.08882809	-6.2988685E-5	4.0687795E-4	0.011745474	0.3435032	-0.42212185	0.76562506	1.2200706	3.1695347	3.867056	4.3326473	2.949328	0.13658442	1.7599016	26.61802
2020-08-22 11:46:14	1	3666.636	-81	-82	3200	4096	-0.5319374	0.08602403	0.0661701	0.0841541	5.364018E-5	4.0666098E-4	0.011667562	0.3788124	-0.4633751	0.8421875	1.2835559	3.5069869	4.501414	5.724828	2.9872549	0.13747765	1.83134	26.881563
2020-08-22 17:40:31	1	3667.44	-91	-78	3200	4096	-0.53137666	0.08457789	0.066169284	0.084382035	5.856447E-5	4.1999575E-4	0.011888876	0.37825164	-0.3873734	0.76562506	1.2921722	3.469049	4.482609	5.7164235	2.9714148	0.14399931	1.9538608	28.726377
2020-08-22 23:35:21	1	3667.056	-81	-81	3200	4096	0.0	0.04260945	0.0	0.0	0.0	0.0	0.0	0.0	0.0	0.0	0.0	0.0	0.0	0.0	0.0	0.06515456	0.89393985	27.935743
2020-08-23 05:30:04	1	3667.056	-79	-80	3200	4096	-0.53679734	0.08651775	0.062053148	0.084686905	-2.5569809E-5	4.369528E-4	0.012175124	0.38367233	-0.3819527	0.76562506	1.302928	3.4771528	4.53048	6.1829634	2.9477303	0.14745337	2.0374045	26.749792
2020-08-23 11:24:38	1	3666.888	-79	-80	3200	4096	0.0	0.04276642	0.0	0.0	0.0	0.0	0.0	0.0	0.0	0.0	0.0	0.0	0.0	0.0	0.0	0.07103738	0.8634432	27.145107
2020-08-23 17:19:32	1	3667.092	-79	-80	3200	4096	-0.5177128	0.085119635	0.073059775	0.084710635	4.0716626E-5	3.7988677E-4	0.011186845	0.36458778	-0.40103725	0.76562506	1.2485785	3.4470558	4.30392	4.990267	3.035561	0.15516518	2.2122219	28.726377
2020-08-23 23:14:28	1	3667.656	-105	-105	3200	4096	-0.52675974	0.08313643	0.06734983	0.082086414	3.6957415E-5	3.7552105E-4	0.010993972	0.37363473	-0.4685528	0.8421875	1.2773386	3.563444	4.5517244	5.547672	3.1068838	0.13517907	1.9154276	27.935743
2020-08-24 05:08:44	1	3667.584	-103	-103	3200	4096	0.0	0.042620998	0.0	0.0	0.0	0.0	0.0	0.0	0.0	0.0	0.0	0.0	0.0	0.0	0.0	0.06800811	0.81388116	26.61802
2020-08-24 11:03:13	1	3666.804	-79	-80	3200	4096	124.565994	14.899807	45.544746	50.48811	-365550.53	4.9447924E7	3940.9365	32.15744	-124.565994	156.72343	1.2433993	0.51224977	0.63693094	0.70606256	3.183825	81.00588	1457.0815	26.354473
2020-08-24 16:57:56	1	3667.704	-81	-81	3200	4096	0.0	8.990313	0.0	0.0	0.0	0.0	0.0	0.0	0.0	0.0	0.0	0.0	0.0	0.0	0.0	71.1671	1188.6896	28.989922
2020-08-24 22:53:03	1	3668.1	-103	-103	3200	4096	0.0	0.04132775	0.0	0.0	0.0	0.0	0.0	0.0	0.0	0.0	0.0	0.0	0.0	0.0	0.0	0.06091768	0.7710734	28.989922
2020-08-25 04:47:57	1	3667.44	-101	-102	3200	4096	0.0	0.0	0.0	0.0	0.0	0.0	0.0	0.0	0.0	0.0	0.0	0.0	0.0	0.0	0.0	0.0	0.0	27.672197
2020-08-25 10:42:41	1	3667.536	-101	-102	3200	4096	0.0	0.0	0.0	0.0	0.0	0.0	0.0	0.0	0.0	0.0	0.0	0.0	0.0	0.0	0.0	0.0	0.0	27.145107
2020-08-25 16:37:34	1	3668.064	-99	-101	3200	4096	0.0	0.04236937	0.0	0.0	0.0	0.0	0.0	0.0	0.0	0.0	0.0	0.0	0.0	0.0	0.0	0.07405408	1.096359	29.912329
2020-08-25 22:32:40	1	3668.7	-99	-100	3200	4096	0.043944936	1.6670363	0.052366436	0.24618913	501.7201	412056.97	24.54579	136.39043	-156.23145	292.6219	20.124247	27.529314	554.0067	2604.539	683.9168	1.8918413	24.717756	30.044102
2020-08-26 04:27:42	1	3667.956	-105	-105	3200	4096	0.0	0.066993244	0.0	0.0	0.0	0.0	0.0	0.0	0.0	0.0	0.0	0.0	0.0	0.0	0.0	0.23468873	3.300965	28.726377
2020-08-26 10:22:36	1	3667.908	-105	-106	3200	4096	0.0	0.0	0.0	0.0	0.0	0.0	0.0	0.0	0.0	0.0	0.0	0.0	0.0	0.0	0.0	0.0	0.0	28.067516
2020-08-26 16:17:33	1	3667.884	-91	-102	3200	4096	0.0	0.042658616	0.0	0.0	0.0	0.0	0.0	0.0	0.0	0.0	0.0	0.0	0.0	0.0	0.0	0.065817535	0.79563487	29.121695
2020-08-26 22:12:33	1	3668.052	-105	-105	3200	4096	0.0	0.0	0.0	0.0	0.0	0.0	0.0	0.0	0.0	0.0	0.0	0.0	0.0	0.0	0.0	0.0	0.0	28.858149
2020-08-27 04:07:32	1	3667.68	-105	-105	3200	4096	1.2613934	7.262669	1.4751151	2.5015092	30070.594	4664940.5	195.44551	155.46204	-1.2613934	156.72343	5.5886993	11.1201725	62.1473	105.38978	122.12222	45.65933	689.8399	27.80397
2020-08-27 10:02:06	1	3667.68	-101	-101	3200	4096	0.0	0.7010033	0.0	0.0	0.0	0.0	0.0	0.0	0.0	0.0	0.0	0.0	0.0	0.0	0.0	1.584982	21.361654	27.672197
2020-08-27 15:57:01	1	3667.968	-101	-102	3200	4096	0.0	0.0	0.0	0.0	0.0	0.0	0.0	0.0	0.0	0.0	0.0	0.0	0.0	0.0	0.0	0.0	0.0	29.912329
2020-08-27 21:52:05	1	3668.196	-83	-84	3200	4096	0.0	0.0	0.0	0.0	0.0	0.0	0.0	0.0	0.0	0.0	0.0	0.0	0.0	0.0	0.0	0.0	0.0	29.648783
2020-08-28 03:47:10	1	3668.244	-105	-105	3200	4096	96.21725	41.91725	72.56427	73.62916	-214361.12	4.104458E7	5749.0283	60.429634	-97.442245	157.87189	1.029787	0.79698974	0.8207297	0.8327739	1.2418437	262.7591	3172.0664	28.199286
2020-08-28 09:41:55	1	3667.572	-83	-84	3200	4096	-0.5129463	0.084339045	0.07536172	0.08615778	4.5660754E-6	4.1332704E-4	0.011452639	0.4363838	-0.48236617	0.91875	1.2421049	4.077706	5.064938	5.7905235	3.1512492	0.12377286	1.5492917	27.145107
2020-08-28 15:36:37	1	3668.244	-79	-80	3200	4096	0.0	0.0	0.0	0.0	0.0	0.0	0.0	0.0	0.0	0.0	0.0	0.0	0.0	0.0	0.0	0.0	0.0	30.044102
2020-08-28 21:31:40	1	3668.388	-77	-78	3200	4096	0.0	0.0	0.0	0.0	0.0	0.0	0.0	0.0	0.0	0.0	0.0	0.0	0.0	0.0	0.0	0.0	0.0	30.17587
2020-08-29 03:26:42	1	3668.064	-105	-105	3200	4096	0.0	0.0	0.0	0.0	0.0	0.0	0.0	0.0	0.0	0.0	0.0	0.0	0.0	0.0	0.0	0.0	0.0	28.858149
2020-08-29 09:21:34	1	3667.848	-79	-80	3200	4096	0.0	6.334657	0.0	0.0	0.0	0.0	0.0	0.0	0.0	0.0	0.0	0.0	0.0	0.0	0.0	49.216137	761.3528	28.067516
2020-08-29 15:16:28	1	3667.932	-79	-80	3200	4096	0.0	0.0	0.0	0.0	0.0	0.0	0.0	0.0	0.0	0.0	0.0	0.0	0.0	0.0	0.0	0.0	0.0	29.648783
2020-08-29 21:11:39	1	3668.352	-81	-81	3200	4096	0.0	0.0	0.0	0.0	0.0	0.0	0.0	0.0	0.0	0.0	0.0	0.0	0.0	0.0	0.0	0.0	0.0	30.044102
2020-08-30 03:06:37	1	3668.04	-81	-81	3200	4096	0.0	0.0	0.0	0.0	0.0	0.0	0.0	0.0	0.0	0.0	0.0	0.0	0.0	0.0	0.0	0.0	0.0	28.989922
2020-08-30 09:01:33	1	3668.184	-103	-104	3200	4096	0.0	11.993154	0.0	0.0	0.0	0.0	0.0	0.0	0.0	0.0	0.0	0.0	0.0	0.0	0.0	130.25192	2471.6528	28.067516
2020-08-30 14:56:25	1	3667.992	-77	-78	3200	4096	0.0	0.0	0.0	0.0	0.0	0.0	0.0	0.0	0.0	0.0	0.0	0.0	0.0	0.0	0.0	0.0	0.0	29.253468
2020-08-30 20:51:24	1	3668.22	-77	-100	3200	4096	0.0	0.0	0.0	0.0	0.0	0.0	0.0	0.0	0.0	0.0	0.0	0.0	0.0	0.0	0.0	0.0	0.0	29.912329
2020-08-31 02:46:24	1	3668.064	-101	-102	3200	4096	0.0	0.0	0.0	0.0	0.0	0.0	0.0	0.0	0.0	0.0	0.0	0.0	0.0	0.0	0.0	0.0	0.0	28.462831
2020-08-31 08:41:13	1	3668.076	-101	-101	3200	4096	0.0	0.10686032	0.0	0.0	0.0	0.0	0.0	0.0	0.0	0.0	0.0	0.0	0.0	0.0	0.0	0.24691218	3.207451	27.408653
2020-08-31 14:35:51	1	3668.076	-77	-77	3200	4096	0.0	0.0	0.0	0.0	0.0	0.0	0.0	0.0	0.0	0.0	0.0	0.0	0.0	0.0	0.0	0.0	0.0	27.540424
2020-08-31 20:30:36	1	3667.752	-99	-100	3200	4096	0.0	0.0	0.0	0.0	0.0	0.0	0.0	0.0	0.0	0.0	0.0	0.0	0.0	0.0	0.0	0.0	0.0	27.408653
2020-09-01 02:25:15	1	3667.788	-79	-80	3200	4096	0.0	0.0	0.0	0.0	0.0	0.0	0.0	0.0	0.0	0.0	0.0	0.0	0.0	0.0	0.0	0.0	0.0	26.881563
2020-09-01 08:19:42	1	3667.164	-79	-80	3200	4096	0.0	0.0	0.0	0.0	0.0	0.0	0.0	0.0	0.0	0.0	0.0	0.0	0.0	0.0	0.0	0.0	0.0	26.09093
2020-09-01 14:14:18	1	3667.992	-105	-105	3200	4096	0.0	0.0	0.0	0.0	0.0	0.0	0.0	0.0	0.0	0.0	0.0	0.0	0.0	0.0	0.0	0.0	0.0	28.199286
2020-09-01 20:09:10	1	3668.088	-105	-105	3200	4096	0.0	0.0	0.0	0.0	0.0	0.0	0.0	0.0	0.0	0.0	0.0	0.0	0.0	0.0	0.0	0.0	0.0	28.462831
2020-09-02 02:03:28	1	3667.992	-103	-103	3200	4096	0.0	0.0	0.0	0.0	0.0	0.0	0.0	0.0	0.0	0.0	0.0	0.0	0.0	0.0	0.0	0.0	0.0	27.408653
2020-09-02 07:58:02	1	3666.972	-97	-98	3200	4096	0.0	0.0	0.0	0.0	0.0	0.0	0.0	0.0	0.0	0.0	0.0	0.0	0.0	0.0	0.0	0.0	0.0	26.486246
2020-09-02 13:52:35	1	3667.32	-75	-76	3200	4096	0.0	0.0	0.0	0.0	0.0	0.0	0.0	0.0	0.0	0.0	0.0	0.0	0.0	0.0	0.0	0.0	0.0	27.672197
2020-09-02 19:47:35	1	3668.172	-97	-98	3200	4096	0.0	0.09898863	0.0	0.0	0.0	0.0	0.0	0.0	0.0	0.0	0.0	0.0	0.0	0.0	0.0	0.21383634	2.7313771	28.462831
2020-09-03 01:42:18	1	3668.04	-101	-101	3200	4096	0.0	0.0	0.0	0.0	0.0	0.0	0.0	0.0	0.0	0.0	0.0	0.0	0.0	0.0	0.0	0.0	0.0	27.145107
2020-09-03 07:36:52	1	3667.428	-99	-100	3200	4096	0.0	0.0	0.0	0.0	0.0	0.0	0.0	0.0	0.0	0.0	0.0	0.0	0.0	0.0	0.0	0.0	0.0	26.2227
2020-09-03 13:31:25	1	3667.092	-99	-100	3200	4096	0.0	0.0	0.0	0.0	0.0	0.0	0.0	0.0	0.0	0.0	0.0	0.0	0.0	0.0	0.0	0.0	0.0	27.013336
2020-09-03 19:25:18	1	3668.256	-101	-101	3200	4096	-0.5193764	0.083751336	0.074562944	0.086735025	-7.779453E-5	4.1146262E-4	0.011698375	0.36625138	-0.39937368	0.76562506	1.2470052	3.3862302	4.222647	4.911976	3.0066252	0.11950322	1.4306622	28.199286
2020-09-04 01:19:57	1	3667.896	-79	-80	3200	4096	0.0	6.644776	0.0	0.0	0.0	0.0	0.0	0.0	0.0	0.0	0.0	0.0	0.0	0.0	0.0	65.50614	1247.6423	26.61802
2020-09-04 07:14:31	1	3666.588	-79	-79	3200	4096	0.0	0.0	0.0	0.0	0.0	0.0	0.0	0.0	0.0	0.0	0.0	0.0	0.0	0.0	0.0	0.0	0.0	25.563839
2020-09-04 13:09:04	1	3666.816	-99	-99	3200	4096	0.0	0.0	0.0	0.0	0.0	0.0	0.0	0.0	0.0	0.0	0.0	0.0	0.0	0.0	0.0	0.0	0.0	26.354473
2020-09-04 13:09:20	1	3627.984	-99	-99	3200	4096	54.611233	40.51689	69.28204	70.92028	258859.22	4.269722E7	5528.672	102.112206	-54.611233	156.72343	1.0484313	1.3733057	1.4398166	1.4738624	1.3968762	246.12143	4119.805	26.486246
2020-09-04 19:03:50	1	3668.148	-75	-76	3200	4096	118.88214	18.075817	52.585415	56.752754	-359746.88	4.8842216E7	4424.6274	37.84129	-118.88214	156.72343	1.1720642	0.5688891	0.6667745	0.7196157	2.4948356	77.09075	1334.4761	28.726377
2020-09-05 00:58:42	1	3667.824	-79	-79	3200	4096	-0.5357693	0.08349484	0.056384284	0.081078105	-8.039458E-6	3.8264593E-4	0.0113701215	0.38264427	-0.38298076	0.76562506	1.3151611	3.5884976	4.719453	6.786364	2.9598308	0.13135616	1.7180469	27.408653
2020-09-05 06:53:15	1	3666.996	-77	-78	3200	4096	0.0	0.0	0.0	0.0	0.0	0.0	0.0	0.0	0.0	0.0	0.0	0.0	0.0	0.0	0.0	0.0	0.0	25.959158
2020-09-05 12:47:49	1	3667.2	-81	-81	3200	4096	0.0	0.0	0.0	0.0	0.0	0.0	0.0	0.0	0.0	0.0	0.0	0.0	0.0	0.0	0.0	0.0	0.0	26.61802
2020-09-05 18:42:43	1	3668.124	-77	-77	3200	4096	0.0	0.04263898	0.0	0.0	0.0	0.0	0.0	0.0	0.0	0.0	0.0	0.0	0.0	0.0	0.0	0.0702495	0.90565294	28.989922
2020-09-06 00:37:38	1	3667.776	-77	-77	3200	4096	0.0	0.0	0.0	0.0	0.0	0.0	0.0	0.0	0.0	0.0	0.0	0.0	0.0	0.0	0.0	0.0	0.0	28.199286
2020-09-06 06:32:26	1	3667.908	-79	-79	3200	4096	0.0	0.0	0.0	0.0	0.0	0.0	0.0	0.0	0.0	0.0	0.0	0.0	0.0	0.0	0.0	0.0	0.0	27.013336
2020-09-06 12:27:10	1	3667.812	-75	-76	3200	4096	90.7555	23.54582	75.50527	76.019585	-151786.86	3.916306E7	5938.5786	65.96793	-95.043	161.01094	1.0137147	0.85603523	0.8677755	0.8736865	1.1104823	85.1826	1185.8346	27.408653
2020-09-06 18:22:07	1	3668.376	-101	-102	3200	4096	0.0	0.041165598	0.0	0.0	0.0	0.0	0.0	0.0	0.0	0.0	0.0	0.0	0.0	0.0	0.0	0.072491854	1.0711519	29.912329
2020-09-07 00:17:09	1	3668.34	-101	-101	3200	4096	0.0	0.0	0.0	0.0	0.0	0.0	0.0	0.0	0.0	0.0	0.0	0.0	0.0	0.0	0.0	0.0	0.0	28.858149
2020-09-07 06:12:07	1	3667.884	-81	-82	3200	4096	156.23424	0.27626675	0.26782066	0.29034197	-0.013827802	0.024362192	0.10728477	0.48920143	-1.577983	2.0671844	1.1281301	1.4935462	1.6849145	1.8266008	2.116607	0.71830475	8.056647	27.408653
2020-09-07 12:06:47	1	3667.644	-85	-85	3200	4096	0.0	8.106738	0.0	0.0	0.0	0.0	0.0	0.0	0.0	0.0	0.0	0.0	0.0	0.0	0.0	85.95167	1586.7634	27.013336
2020-09-07 18:01:49	1	3668.22	-99	-100	3200	4096	0.0	6.639564	0.0	0.0	0.0	0.0	0.0	0.0	0.0	0.0	0.0	0.0	0.0	0.0	0.0	57.3074	917.1983	29.51701
2020-09-07 23:56:51	1	3668.196	-103	-103	3200	4096	0.0	0.042960703	0.0	0.0	0.0	0.0	0.0	0.0	0.0	0.0	0.0	0.0	0.0	0.0	0.0	0.063730635	0.7392375	28.199286
2020-09-08 05:51:49	1	3667.752	-101	-101	3200	4096	0.0	0.0	0.0	0.0	0.0	0.0	0.0	0.0	0.0	0.0	0.0	0.0	0.0	0.0	0.0	0.0	0.0	27.013336
2020-09-08 11:46:08	1	3667.896	-81	-81	3200	4096	0.0	0.0	0.0	0.0	0.0	0.0	0.0	0.0	0.0	0.0	0.0	0.0	0.0	0.0	0.0	0.0	0.0	27.145107
2020-09-08 17:41:07	1	3667.98	-97	-98	3200	4096	0.0	0.0	0.0	0.0	0.0	0.0	0.0	0.0	0.0	0.0	0.0	0.0	0.0	0.0	0.0	0.0	0.0	29.253468
2020-09-08 23:36:06	1	3668.256	-97	-97	3200	4096	0.0	0.0	0.0	0.0	0.0	0.0	0.0	0.0	0.0	0.0	0.0	0.0	0.0	0.0	0.0	0.0	0.0	28.462831
2020-09-09 05:31:00	1	3668.004	-99	-100	3200	4096	0.0	7.0932765	0.0	0.0	0.0	0.0	0.0	0.0	0.0	0.0	0.0	0.0	0.0	0.0	0.0	72.35802	1369.81	27.013336
2020-09-09 11:25:39	1	3667.212	-101	-101	3200	4096	0.0	0.0	0.0	0.0	0.0	0.0	0.0	0.0	0.0	0.0	0.0	0.0	0.0	0.0	0.0	0.0	0.0	26.749792
2020-09-09 17:20:32	1	3668.208	-97	-98	3200	4096	0.0	0.0	0.0	0.0	0.0	0.0	0.0	0.0	0.0	0.0	0.0	0.0	0.0	0.0	0.0	0.0	0.0	29.648783
2020-09-09 23:15:32	1	3668.136	-99	-99	3200	4096	0.0	0.0	0.0	0.0	0.0	0.0	0.0	0.0	0.0	0.0	0.0	0.0	0.0	0.0	0.0	0.0	0.0	28.594604
2020-09-10 05:10:26	1	3668.064	-101	-101	3200	4096	0.0	0.0	0.0	0.0	0.0	0.0	0.0	0.0	0.0	0.0	0.0	0.0	0.0	0.0	0.0	0.0	0.0	27.013336
2020-09-10 11:05:05	1	3667.44	-79	-80	3200	4096	0.0	0.0	0.0	0.0	0.0	0.0	0.0	0.0	0.0	0.0	0.0	0.0	0.0	0.0	0.0	0.0	0.0	26.61802
